sens_class	3	1	0.1	1.13	56.27	19	16	0.74	0.59	0.01	0.93	0.4	0.12	0.73	0.75	0.09	0.22	0.03	0.392	0.12	0.35	2.1	5.59	9	14	[34, 160, 149, 98, 68, 110, 157]	[0.32, 0.61, 0.44, 0.82, 0.02, 0.74, 0.34]	[0.41, 0.4, 0.1, 0.68, 0.14, 0.24, 0.62]
sens_class	3	1	0.1	1.13	56.27	19	16	0.74	0.59	0.01	0.93	0.4	0.12	0.73	0.75	0.09	0.22	0.03	0.392	0.12	0.35	2.1	5.59	9	14	[34, 160, 149, 98, 68, 110, 157]	[0.32, 0.61, 0.44, 0.82, 0.02, 0.74, 0.34]	[0.41, 0.4, 0.1, 0.68, 0.14, 0.24, 0.62]
sens_class	4	1	0.1	1.13	56.27	19	16	0.74	0.59	0.01	0.93	0.4	0.12	0.73	0.75	0.09	0.22	0.03	0.392	0.12	0.35	2.1	5.59	9	14	[34, 160, 149, 98, 68, 110, 157]	[0.32, 0.61, 0.44, 0.82, 0.02, 0.74, 0.34]	[0.41, 0.4, 0.1, 0.68, 0.14, 0.24, 0.62]
sens_class	4	1	0.1	1.13	56.27	19	16	0.74	0.59	0.01	0.93	0.4	0.12	0.73	0.75	0.09	0.22	0.03	0.392	0.12	0.35	2.1	5.59	9	14	[34, 160, 149, 98, 68, 110, 157]	[0.32, 0.61, 0.44, 0.82, 0.02, 0.74, 0.34]	[0.41, 0.4, 0.1, 0.68, 0.14, 0.24, 0.62]
sens_class	3	2	0.1	1.13	56.27	19	16	0.74	0.59	0.01	0.93	0.4	0.12	0.73	0.75	0.09	0.22	0.03	0.392	0.12	0.35	2.1	5.59	9	14	[34, 160, 149, 98, 68, 110, 157]	[0.32, 0.61, 0.44, 0.82, 0.02, 0.74, 0.34]	[0.41, 0.4, 0.1, 0.68, 0.14, 0.24, 0.62]
sens_class	3	2	0.1	1.13	56.27	19	16	0.74	0.59	0.01	0.93	0.4	0.12	0.73	0.75	0.09	0.22	0.03	0.392	0.12	0.35	2.1	5.59	9	14	[34, 160, 149, 98, 68, 110, 157]	[0.32, 0.61, 0.44, 0.82, 0.02, 0.74, 0.34]	[0.41, 0.4, 0.1, 0.68, 0.14, 0.24, 0.62]
sens_class	3	1	0.61	1.13	56.27	19	16	0.74	0.59	0.01	0.93	0.4	0.12	0.73	0.75	0.09	0.22	0.03	0.392	0.12	0.35	2.1	5.59	9	14	[34, 160, 149, 98, 68, 110, 157]	[0.32, 0.61, 0.44, 0.82, 0.02, 0.74, 0.34]	[0.41, 0.4, 0.1, 0.68, 0.14, 0.24, 0.62]
sens_class	3	1	0.61	1.13	56.27	19	16	0.74	0.59	0.01	0.93	0.4	0.12	0.73	0.75	0.09	0.22	0.03	0.392	0.12	0.35	2.1	5.59	9	14	[34, 160, 149, 98, 68, 110, 157]	[0.32, 0.61, 0.44, 0.82, 0.02, 0.74, 0.34]	[0.41, 0.4, 0.1, 0.68, 0.14, 0.24, 0.62]
sens_class	3	1	0.1	0.09	56.27	19	16	0.74	0.59	0.01	0.93	0.4	0.12	0.73	0.75	0.09	0.22	0.03	0.392	0.12	0.35	2.1	5.59	9	14	[34, 160, 149, 98, 68, 110, 157]	[0.32, 0.61, 0.44, 0.82, 0.02, 0.74, 0.34]	[0.41, 0.4, 0.1, 0.68, 0.14, 0.24, 0.62]
sens_class	3	1	0.1	0.09	56.27	19	16	0.74	0.59	0.01	0.93	0.4	0.12	0.73	0.75	0.09	0.22	0.03	0.392	0.12	0.35	2.1	5.59	9	14	[34, 160, 149, 98, 68, 110, 157]	[0.32, 0.61, 0.44, 0.82, 0.02, 0.74, 0.34]	[0.41, 0.4, 0.1, 0.68, 0.14, 0.24, 0.62]
sens_class	3	1	0.1	1.13	36.49	19	16	0.74	0.59	0.01	0.93	0.4	0.12	0.73	0.75	0.09	0.22	0.03	0.392	0.12	0.35	2.1	5.59	9	14	[34, 160, 149, 98, 68, 110, 157]	[0.32, 0.61, 0.44, 0.82, 0.02, 0.74, 0.34]	[0.41, 0.4, 0.1, 0.68, 0.14, 0.24, 0.62]
sens_class	3	1	0.1	1.13	36.49	19	16	0.74	0.59	0.01	0.93	0.4	0.12	0.73	0.75	0.09	0.22	0.03	0.392	0.12	0.35	2.1	5.59	9	14	[34, 160, 149, 98, 68, 110, 157]	[0.32, 0.61, 0.44, 0.82, 0.02, 0.74, 0.34]	[0.41, 0.4, 0.1, 0.68, 0.14, 0.24, 0.62]
sens_class	3	1	0.1	1.13	56.27	19	16	0.74	0.59	0.01	0.93	0.4	0.12	0.73	0.75	0.09	0.22	0.03	0.392	0.12	0.35	2.1	5.59	9	14	[34, 160, 149, 98, 68, 110, 157]	[0.32, 0.61, 0.44, 0.82, 0.02, 0.74, 0.34]	[0.41, 0.4, 0.1, 0.68, 0.14, 0.24, 0.62]
sens_class	3	1	0.1	1.13	56.27	19	16	0.74	0.59	0.01	0.93	0.4	0.12	0.73	0.75	0.09	0.22	0.03	0.392	0.12	0.35	2.1	5.59	9	14	[34, 160, 149, 98, 68, 110, 157]	[0.32, 0.61, 0.44, 0.82, 0.02, 0.74, 0.34]	[0.41, 0.4, 0.1, 0.68, 0.14, 0.24, 0.62]
sens_class	3	1	0.1	1.13	56.27	19	19	0.74	0.59	0.01	0.93	0.4	0.12	0.73	0.75	0.09	0.22	0.03	0.392	0.12	0.35	2.1	5.59	9	14	[34, 160, 149, 98, 68, 110, 157]	[0.32, 0.61, 0.44, 0.82, 0.02, 0.74, 0.34]	[0.41, 0.4, 0.1, 0.68, 0.14, 0.24, 0.62]
sens_class	3	1	0.1	1.13	56.27	19	19	0.74	0.59	0.01	0.93	0.4	0.12	0.73	0.75	0.09	0.22	0.03	0.392	0.12	0.35	2.1	5.59	9	14	[34, 160, 149, 98, 68, 110, 157]	[0.32, 0.61, 0.44, 0.82, 0.02, 0.74, 0.34]	[0.41, 0.4, 0.1, 0.68, 0.14, 0.24, 0.62]
sens_class	3	1	0.1	1.13	56.27	19	16	0.08	0.59	0.01	0.93	0.4	0.12	0.73	0.75	0.09	0.22	0.03	0.392	0.12	0.35	2.1	5.59	9	14	[34, 160, 149, 98, 68, 110, 157]	[0.32, 0.61, 0.44, 0.82, 0.02, 0.74, 0.34]	[0.41, 0.4, 0.1, 0.68, 0.14, 0.24, 0.62]
sens_class	3	1	0.1	1.13	56.27	19	16	0.08	0.59	0.01	0.93	0.4	0.12	0.73	0.75	0.09	0.22	0.03	0.392	0.12	0.35	2.1	5.59	9	14	[34, 160, 149, 98, 68, 110, 157]	[0.32, 0.61, 0.44, 0.82, 0.02, 0.74, 0.34]	[0.41, 0.4, 0.1, 0.68, 0.14, 0.24, 0.62]
sens_class	3	1	0.1	1.13	56.27	19	16	0.74	0.86	0.01	0.93	0.4	0.12	0.73	0.75	0.09	0.22	0.03	0.392	0.12	0.35	2.1	5.59	9	14	[34, 160, 149, 98, 68, 110, 157]	[0.32, 0.61, 0.44, 0.82, 0.02, 0.74, 0.34]	[0.41, 0.4, 0.1, 0.68, 0.14, 0.24, 0.62]
sens_class	3	1	0.1	1.13	56.27	19	16	0.74	0.86	0.01	0.93	0.4	0.12	0.73	0.75	0.09	0.22	0.03	0.392	0.12	0.35	2.1	5.59	9	14	[34, 160, 149, 98, 68, 110, 157]	[0.32, 0.61, 0.44, 0.82, 0.02, 0.74, 0.34]	[0.41, 0.4, 0.1, 0.68, 0.14, 0.24, 0.62]
sens_class	3	1	0.1	1.13	56.27	19	16	0.74	0.59	0.2	0.93	0.4	0.12	0.73	0.75	0.09	0.22	0.03	0.392	0.12	0.35	2.1	5.59	9	14	[34, 160, 149, 98, 68, 110, 157]	[0.32, 0.61, 0.44, 0.82, 0.02, 0.74, 0.34]	[0.41, 0.4, 0.1, 0.68, 0.14, 0.24, 0.62]
sens_class	3	1	0.1	1.13	56.27	19	16	0.74	0.59	0.2	0.93	0.4	0.12	0.73	0.75	0.09	0.22	0.03	0.392	0.12	0.35	2.1	5.59	9	14	[34, 160, 149, 98, 68, 110, 157]	[0.32, 0.61, 0.44, 0.82, 0.02, 0.74, 0.34]	[0.41, 0.4, 0.1, 0.68, 0.14, 0.24, 0.62]
sens_class	3	1	0.1	1.13	56.27	19	16	0.74	0.59	0.01	0.59	0.4	0.12	0.73	0.75	0.09	0.22	0.03	0.392	0.12	0.35	2.1	5.59	9	14	[34, 160, 149, 98, 68, 110, 157]	[0.32, 0.61, 0.44, 0.82, 0.02, 0.74, 0.34]	[0.41, 0.4, 0.1, 0.68, 0.14, 0.24, 0.62]
sens_class	3	1	0.1	1.13	56.27	19	16	0.74	0.59	0.01	0.59	0.4	0.12	0.73	0.75	0.09	0.22	0.03	0.392	0.12	0.35	2.1	5.59	9	14	[34, 160, 149, 98, 68, 110, 157]	[0.32, 0.61, 0.44, 0.82, 0.02, 0.74, 0.34]	[0.41, 0.4, 0.1, 0.68, 0.14, 0.24, 0.62]
sens_class	3	1	0.1	1.13	56.27	19	16	0.74	0.59	0.01	0.93	0.72	0.12	0.73	0.75	0.09	0.22	0.03	0.392	0.12	0.35	2.1	5.59	9	14	[34, 160, 149, 98, 68, 110, 157]	[0.32, 0.61, 0.44, 0.82, 0.02, 0.74, 0.34]	[0.41, 0.4, 0.1, 0.68, 0.14, 0.24, 0.62]
sens_class	3	1	0.1	1.13	56.27	19	16	0.74	0.59	0.01	0.93	0.72	0.12	0.73	0.75	0.09	0.22	0.03	0.392	0.12	0.35	2.1	5.59	9	14	[34, 160, 149, 98, 68, 110, 157]	[0.32, 0.61, 0.44, 0.82, 0.02, 0.74, 0.34]	[0.41, 0.4, 0.1, 0.68, 0.14, 0.24, 0.62]
sens_class	3	1	0.1	1.13	56.27	19	16	0.74	0.59	0.01	0.93	0.4	0.77	0.73	0.75	0.09	0.22	0.03	0.392	0.12	0.35	2.1	5.59	9	14	[34, 160, 149, 98, 68, 110, 157]	[0.32, 0.61, 0.44, 0.82, 0.02, 0.74, 0.34]	[0.41, 0.4, 0.1, 0.68, 0.14, 0.24, 0.62]
sens_class	3	1	0.1	1.13	56.27	19	16	0.74	0.59	0.01	0.93	0.4	0.77	0.73	0.75	0.09	0.22	0.03	0.392	0.12	0.35	2.1	5.59	9	14	[34, 160, 149, 98, 68, 110, 157]	[0.32, 0.61, 0.44, 0.82, 0.02, 0.74, 0.34]	[0.41, 0.4, 0.1, 0.68, 0.14, 0.24, 0.62]
sens_class	3	1	0.1	1.13	56.27	19	16	0.74	0.59	0.01	0.93	0.4	0.12	0.86	0.75	0.09	0.22	0.03	0.392	0.12	0.35	2.1	5.59	9	14	[34, 160, 149, 98, 68, 110, 157]	[0.32, 0.61, 0.44, 0.82, 0.02, 0.74, 0.34]	[0.41, 0.4, 0.1, 0.68, 0.14, 0.24, 0.62]
sens_class	3	1	0.1	1.13	56.27	19	16	0.74	0.59	0.01	0.93	0.4	0.12	0.86	0.75	0.09	0.22	0.03	0.392	0.12	0.35	2.1	5.59	9	14	[34, 160, 149, 98, 68, 110, 157]	[0.32, 0.61, 0.44, 0.82, 0.02, 0.74, 0.34]	[0.41, 0.4, 0.1, 0.68, 0.14, 0.24, 0.62]
sens_class	3	1	0.1	1.13	56.27	19	16	0.74	0.59	0.01	0.93	0.4	0.12	0.73	0.08	0.09	0.22	0.03	0.392	0.12	0.35	2.1	5.59	9	14	[34, 160, 149, 98, 68, 110, 157]	[0.32, 0.61, 0.44, 0.82, 0.02, 0.74, 0.34]	[0.41, 0.4, 0.1, 0.68, 0.14, 0.24, 0.62]
sens_class	3	1	0.1	1.13	56.27	19	16	0.74	0.59	0.01	0.93	0.4	0.12	0.73	0.08	0.09	0.22	0.03	0.392	0.12	0.35	2.1	5.59	9	14	[34, 160, 149, 98, 68, 110, 157]	[0.32, 0.61, 0.44, 0.82, 0.02, 0.74, 0.34]	[0.41, 0.4, 0.1, 0.68, 0.14, 0.24, 0.62]
sens_class	3	1	0.1	1.13	56.27	19	16	0.74	0.59	0.01	0.93	0.4	0.12	0.73	0.75	0.151	0.22	0.03	0.392	0.12	0.35	2.1	5.59	9	14	[34, 160, 149, 98, 68, 110, 157]	[0.32, 0.61, 0.44, 0.82, 0.02, 0.74, 0.34]	[0.41, 0.4, 0.1, 0.68, 0.14, 0.24, 0.62]
sens_class	3	1	0.1	1.13	56.27	19	16	0.74	0.59	0.01	0.93	0.4	0.12	0.73	0.75	0.151	0.22	0.03	0.392	0.12	0.35	2.1	5.59	9	14	[34, 160, 149, 98, 68, 110, 157]	[0.32, 0.61, 0.44, 0.82, 0.02, 0.74, 0.34]	[0.41, 0.4, 0.1, 0.68, 0.14, 0.24, 0.62]
sens_class	3	1	0.1	1.13	56.27	19	16	0.74	0.59	0.01	0.93	0.4	0.12	0.73	0.75	0.09	0.29	0.03	0.392	0.12	0.35	2.1	5.59	9	14	[34, 160, 149, 98, 68, 110, 157]	[0.32, 0.61, 0.44, 0.82, 0.02, 0.74, 0.34]	[0.41, 0.4, 0.1, 0.68, 0.14, 0.24, 0.62]
sens_class	3	1	0.1	1.13	56.27	19	16	0.74	0.59	0.01	0.93	0.4	0.12	0.73	0.75	0.09	0.29	0.03	0.392	0.12	0.35	2.1	5.59	9	14	[34, 160, 149, 98, 68, 110, 157]	[0.32, 0.61, 0.44, 0.82, 0.02, 0.74, 0.34]	[0.41, 0.4, 0.1, 0.68, 0.14, 0.24, 0.62]
sens_class	3	1	0.1	1.13	56.27	19	16	0.74	0.59	0.01	0.93	0.4	0.12	0.73	0.75	0.09	0.22	0.05	0.392	0.12	0.35	2.1	5.59	9	14	[34, 160, 149, 98, 68, 110, 157]	[0.32, 0.61, 0.44, 0.82, 0.02, 0.74, 0.34]	[0.41, 0.4, 0.1, 0.68, 0.14, 0.24, 0.62]
sens_class	3	1	0.1	1.13	56.27	19	16	0.74	0.59	0.01	0.93	0.4	0.12	0.73	0.75	0.09	0.22	0.05	0.392	0.12	0.35	2.1	5.59	9	14	[34, 160, 149, 98, 68, 110, 157]	[0.32, 0.61, 0.44, 0.82, 0.02, 0.74, 0.34]	[0.41, 0.4, 0.1, 0.68, 0.14, 0.24, 0.62]
sens_class	3	1	0.1	1.13	56.27	19	16	0.74	0.59	0.01	0.93	0.4	0.12	0.73	0.75	0.09	0.22	0.03	0.351	0.12	0.35	2.1	5.59	9	14	[34, 160, 149, 98, 68, 110, 157]	[0.32, 0.61, 0.44, 0.82, 0.02, 0.74, 0.34]	[0.41, 0.4, 0.1, 0.68, 0.14, 0.24, 0.62]
sens_class	3	1	0.1	1.13	56.27	19	16	0.74	0.59	0.01	0.93	0.4	0.12	0.73	0.75	0.09	0.22	0.03	0.351	0.12	0.35	2.1	5.59	9	14	[34, 160, 149, 98, 68, 110, 157]	[0.32, 0.61, 0.44, 0.82, 0.02, 0.74, 0.34]	[0.41, 0.4, 0.1, 0.68, 0.14, 0.24, 0.62]
sens_class	3	1	0.1	1.13	56.27	19	16	0.74	0.59	0.01	0.93	0.4	0.12	0.73	0.75	0.09	0.22	0.03	0.392	0.33	0.35	2.1	5.59	9	14	[34, 160, 149, 98, 68, 110, 157]	[0.32, 0.61, 0.44, 0.82, 0.02, 0.74, 0.34]	[0.41, 0.4, 0.1, 0.68, 0.14, 0.24, 0.62]
sens_class	3	1	0.1	1.13	56.27	19	16	0.74	0.59	0.01	0.93	0.4	0.12	0.73	0.75	0.09	0.22	0.03	0.392	0.33	0.35	2.1	5.59	9	14	[34, 160, 149, 98, 68, 110, 157]	[0.32, 0.61, 0.44, 0.82, 0.02, 0.74, 0.34]	[0.41, 0.4, 0.1, 0.68, 0.14, 0.24, 0.62]
sens_class	3	1	0.1	1.13	56.27	19	16	0.74	0.59	0.01	0.93	0.4	0.12	0.73	0.75	0.09	0.22	0.03	0.392	0.12	0.25	2.1	5.59	9	14	[34, 160, 149, 98, 68, 110, 157]	[0.32, 0.61, 0.44, 0.82, 0.02, 0.74, 0.34]	[0.41, 0.4, 0.1, 0.68, 0.14, 0.24, 0.62]
sens_class	3	1	0.1	1.13	56.27	19	16	0.74	0.59	0.01	0.93	0.4	0.12	0.73	0.75	0.09	0.22	0.03	0.392	0.12	0.25	2.1	5.59	9	14	[34, 160, 149, 98, 68, 110, 157]	[0.32, 0.61, 0.44, 0.82, 0.02, 0.74, 0.34]	[0.41, 0.4, 0.1, 0.68, 0.14, 0.24, 0.62]
sens_class	3	1	0.1	1.13	56.27	19	16	0.74	0.59	0.01	0.93	0.4	0.12	0.73	0.75	0.09	0.22	0.03	0.392	0.12	0.35	1.05	5.59	9	14	[34, 160, 149, 98, 68, 110, 157]	[0.32, 0.61, 0.44, 0.82, 0.02, 0.74, 0.34]	[0.41, 0.4, 0.1, 0.68, 0.14, 0.24, 0.62]
sens_class	3	1	0.1	1.13	56.27	19	16	0.74	0.59	0.01	0.93	0.4	0.12	0.73	0.75	0.09	0.22	0.03	0.392	0.12	0.35	1.05	5.59	9	14	[34, 160, 149, 98, 68, 110, 157]	[0.32, 0.61, 0.44, 0.82, 0.02, 0.74, 0.34]	[0.41, 0.4, 0.1, 0.68, 0.14, 0.24, 0.62]
sens_class	3	1	0.1	1.13	56.27	19	16	0.74	0.59	0.01	0.93	0.4	0.12	0.73	0.75	0.09	0.22	0.03	0.392	0.12	0.35	2.1	5.45	9	14	[34, 160, 149, 98, 68, 110, 157]	[0.32, 0.61, 0.44, 0.82, 0.02, 0.74, 0.34]	[0.41, 0.4, 0.1, 0.68, 0.14, 0.24, 0.62]
sens_class	3	1	0.1	1.13	56.27	19	16	0.74	0.59	0.01	0.93	0.4	0.12	0.73	0.75	0.09	0.22	0.03	0.392	0.12	0.35	2.1	5.45	9	14	[34, 160, 149, 98, 68, 110, 157]	[0.32, 0.61, 0.44, 0.82, 0.02, 0.74, 0.34]	[0.41, 0.4, 0.1, 0.68, 0.14, 0.24, 0.62]
sens_class	3	1	0.1	1.13	56.27	19	16	0.74	0.59	0.01	0.93	0.4	0.12	0.73	0.75	0.09	0.22	0.03	0.392	0.12	0.35	2.1	5.59	9	14	[100, 160, 149, 98, 68, 110, 157]	[0.32, 0.61, 0.44, 0.82, 0.02, 0.74, 0.34]	[0.41, 0.4, 0.1, 0.68, 0.14, 0.24, 0.62]
sens_class	3	1	0.1	1.13	56.27	19	16	0.74	0.59	0.01	0.93	0.4	0.12	0.73	0.75	0.09	0.22	0.03	0.392	0.12	0.35	2.1	5.59	9	14	[100, 160, 149, 98, 68, 110, 157]	[0.32, 0.61, 0.44, 0.82, 0.02, 0.74, 0.34]	[0.41, 0.4, 0.1, 0.68, 0.14, 0.24, 0.62]
sens_class	3	1	0.1	1.13	56.27	19	16	0.74	0.59	0.01	0.93	0.4	0.12	0.73	0.75	0.09	0.22	0.03	0.392	0.12	0.35	2.1	5.59	9	14	[34, 95, 149, 98, 68, 110, 157]	[0.32, 0.61, 0.44, 0.82, 0.02, 0.74, 0.34]	[0.41, 0.4, 0.1, 0.68, 0.14, 0.24, 0.62]
sens_class	3	1	0.1	1.13	56.27	19	16	0.74	0.59	0.01	0.93	0.4	0.12	0.73	0.75	0.09	0.22	0.03	0.392	0.12	0.35	2.1	5.59	9	14	[34, 95, 149, 98, 68, 110, 157]	[0.32, 0.61, 0.44, 0.82, 0.02, 0.74, 0.34]	[0.41, 0.4, 0.1, 0.68, 0.14, 0.24, 0.62]
sens_class	3	1	0.1	1.13	56.27	19	16	0.74	0.59	0.01	0.93	0.4	0.12	0.73	0.75	0.09	0.22	0.03	0.392	0.12	0.35	2.1	5.59	9	14	[34, 160, 114, 98, 68, 110, 157]	[0.32, 0.61, 0.44, 0.82, 0.02, 0.74, 0.34]	[0.41, 0.4, 0.1, 0.68, 0.14, 0.24, 0.62]
sens_class	3	1	0.1	1.13	56.27	19	16	0.74	0.59	0.01	0.93	0.4	0.12	0.73	0.75	0.09	0.22	0.03	0.392	0.12	0.35	2.1	5.59	9	14	[34, 160, 114, 98, 68, 110, 157]	[0.32, 0.61, 0.44, 0.82, 0.02, 0.74, 0.34]	[0.41, 0.4, 0.1, 0.68, 0.14, 0.24, 0.62]
sens_class	3	1	0.1	1.13	56.27	19	16	0.74	0.59	0.01	0.93	0.4	0.12	0.73	0.75	0.09	0.22	0.03	0.392	0.12	0.35	2.1	5.59	9	14	[34, 160, 149, 70, 68, 110, 157]	[0.32, 0.61, 0.44, 0.82, 0.02, 0.74, 0.34]	[0.41, 0.4, 0.1, 0.68, 0.14, 0.24, 0.62]
sens_class	3	1	0.1	1.13	56.27	19	16	0.74	0.59	0.01	0.93	0.4	0.12	0.73	0.75	0.09	0.22	0.03	0.392	0.12	0.35	2.1	5.59	9	14	[34, 160, 149, 70, 68, 110, 157]	[0.32, 0.61, 0.44, 0.82, 0.02, 0.74, 0.34]	[0.41, 0.4, 0.1, 0.68, 0.14, 0.24, 0.62]
sens_class	3	1	0.1	1.13	56.27	19	16	0.74	0.59	0.01	0.93	0.4	0.12	0.73	0.75	0.09	0.22	0.03	0.392	0.12	0.35	2.1	5.59	9	14	[34, 160, 149, 98, 121, 110, 157]	[0.32, 0.61, 0.44, 0.82, 0.02, 0.74, 0.34]	[0.41, 0.4, 0.1, 0.68, 0.14, 0.24, 0.62]
sens_class	3	1	0.1	1.13	56.27	19	16	0.74	0.59	0.01	0.93	0.4	0.12	0.73	0.75	0.09	0.22	0.03	0.392	0.12	0.35	2.1	5.59	9	14	[34, 160, 149, 98, 121, 110, 157]	[0.32, 0.61, 0.44, 0.82, 0.02, 0.74, 0.34]	[0.41, 0.4, 0.1, 0.68, 0.14, 0.24, 0.62]
sens_class	3	1	0.1	1.13	56.27	19	16	0.74	0.59	0.01	0.93	0.4	0.12	0.73	0.75	0.09	0.22	0.03	0.392	0.12	0.35	2.1	5.59	9	14	[34, 160, 149, 98, 68, 53, 157]	[0.32, 0.61, 0.44, 0.82, 0.02, 0.74, 0.34]	[0.41, 0.4, 0.1, 0.68, 0.14, 0.24, 0.62]
sens_class	3	1	0.1	1.13	56.27	19	16	0.74	0.59	0.01	0.93	0.4	0.12	0.73	0.75	0.09	0.22	0.03	0.392	0.12	0.35	2.1	5.59	9	14	[34, 160, 149, 98, 68, 53, 157]	[0.32, 0.61, 0.44, 0.82, 0.02, 0.74, 0.34]	[0.41, 0.4, 0.1, 0.68, 0.14, 0.24, 0.62]
sens_class	3	1	0.1	1.13	56.27	19	16	0.74	0.59	0.01	0.93	0.4	0.12	0.73	0.75	0.09	0.22	0.03	0.392	0.12	0.35	2.1	5.59	9	14	[34, 160, 149, 98, 68, 110, 168]	[0.32, 0.61, 0.44, 0.82, 0.02, 0.74, 0.34]	[0.41, 0.4, 0.1, 0.68, 0.14, 0.24, 0.62]
sens_class	3	1	0.1	1.13	56.27	19	16	0.74	0.59	0.01	0.93	0.4	0.12	0.73	0.75	0.09	0.22	0.03	0.392	0.12	0.35	2.1	5.59	9	14	[34, 160, 149, 98, 68, 110, 168]	[0.32, 0.61, 0.44, 0.82, 0.02, 0.74, 0.34]	[0.41, 0.4, 0.1, 0.68, 0.14, 0.24, 0.62]
sens_class	3	1	0.1	1.13	56.27	19	16	0.74	0.59	0.01	0.93	0.4	0.12	0.73	0.75	0.09	0.22	0.03	0.392	0.12	0.35	2.1	5.59	8	14	[34, 160, 149, 98, 68, 110, 157]	[0.32, 0.61, 0.44, 0.82, 0.02, 0.74, 0.34]	[0.41, 0.4, 0.1, 0.68, 0.14, 0.24, 0.62]
sens_class	3	1	0.1	1.13	56.27	19	16	0.74	0.59	0.01	0.93	0.4	0.12	0.73	0.75	0.09	0.22	0.03	0.392	0.12	0.35	2.1	5.59	8	14	[34, 160, 149, 98, 68, 110, 157]	[0.32, 0.61, 0.44, 0.82, 0.02, 0.74, 0.34]	[0.41, 0.4, 0.1, 0.68, 0.14, 0.24, 0.62]
sens_class	3	1	0.1	1.13	56.27	19	16	0.74	0.59	0.01	0.93	0.4	0.12	0.73	0.75	0.09	0.22	0.03	0.392	0.12	0.35	2.1	5.59	9	30	[34, 160, 149, 98, 68, 110, 157]	[0.32, 0.61, 0.44, 0.82, 0.02, 0.74, 0.34]	[0.41, 0.4, 0.1, 0.68, 0.14, 0.24, 0.62]
sens_class	3	1	0.1	1.13	56.27	19	16	0.74	0.59	0.01	0.93	0.4	0.12	0.73	0.75	0.09	0.22	0.03	0.392	0.12	0.35	2.1	5.59	9	30	[34, 160, 149, 98, 68, 110, 157]	[0.32, 0.61, 0.44, 0.82, 0.02, 0.74, 0.34]	[0.41, 0.4, 0.1, 0.68, 0.14, 0.24, 0.62]
sens_class	3	1	0.1	1.13	56.27	19	16	0.74	0.59	0.01	0.93	0.4	0.12	0.73	0.75	0.09	0.22	0.03	0.392	0.12	0.35	2.1	5.59	9	14	[34, 160, 149, 98, 68, 110, 157]	[0.94, 0.61, 0.44, 0.82, 0.02, 0.74, 0.34]	[0.41, 0.4, 0.1, 0.68, 0.14, 0.24, 0.62]
sens_class	3	1	0.1	1.13	56.27	19	16	0.74	0.59	0.01	0.93	0.4	0.12	0.73	0.75	0.09	0.22	0.03	0.392	0.12	0.35	2.1	5.59	9	14	[34, 160, 149, 98, 68, 110, 157]	[0.94, 0.61, 0.44, 0.82, 0.02, 0.74, 0.34]	[0.41, 0.4, 0.1, 0.68, 0.14, 0.24, 0.62]
sens_class	3	1	0.1	1.13	56.27	19	16	0.74	0.59	0.01	0.93	0.4	0.12	0.73	0.75	0.09	0.22	0.03	0.392	0.12	0.35	2.1	5.59	9	14	[34, 160, 149, 98, 68, 110, 157]	[0.32, 0.86, 0.44, 0.82, 0.02, 0.74, 0.34]	[0.41, 0.4, 0.1, 0.68, 0.14, 0.24, 0.62]
sens_class	3	1	0.1	1.13	56.27	19	16	0.74	0.59	0.01	0.93	0.4	0.12	0.73	0.75	0.09	0.22	0.03	0.392	0.12	0.35	2.1	5.59	9	14	[34, 160, 149, 98, 68, 110, 157]	[0.32, 0.86, 0.44, 0.82, 0.02, 0.74, 0.34]	[0.41, 0.4, 0.1, 0.68, 0.14, 0.24, 0.62]
sens_class	3	1	0.1	1.13	56.27	19	16	0.74	0.59	0.01	0.93	0.4	0.12	0.73	0.75	0.09	0.22	0.03	0.392	0.12	0.35	2.1	5.59	9	14	[34, 160, 149, 98, 68, 110, 157]	[0.32, 0.61, 0.59, 0.82, 0.02, 0.74, 0.34]	[0.41, 0.4, 0.1, 0.68, 0.14, 0.24, 0.62]
sens_class	3	1	0.1	1.13	56.27	19	16	0.74	0.59	0.01	0.93	0.4	0.12	0.73	0.75	0.09	0.22	0.03	0.392	0.12	0.35	2.1	5.59	9	14	[34, 160, 149, 98, 68, 110, 157]	[0.32, 0.61, 0.59, 0.82, 0.02, 0.74, 0.34]	[0.41, 0.4, 0.1, 0.68, 0.14, 0.24, 0.62]
sens_class	3	1	0.1	1.13	56.27	19	16	0.74	0.59	0.01	0.93	0.4	0.12	0.73	0.75	0.09	0.22	0.03	0.392	0.12	0.35	2.1	5.59	9	14	[34, 160, 149, 98, 68, 110, 157]	[0.32, 0.61, 0.44, 0.44, 0.02, 0.74, 0.34]	[0.41, 0.4, 0.1, 0.68, 0.14, 0.24, 0.62]
sens_class	3	1	0.1	1.13	56.27	19	16	0.74	0.59	0.01	0.93	0.4	0.12	0.73	0.75	0.09	0.22	0.03	0.392	0.12	0.35	2.1	5.59	9	14	[34, 160, 149, 98, 68, 110, 157]	[0.32, 0.61, 0.44, 0.44, 0.02, 0.74, 0.34]	[0.41, 0.4, 0.1, 0.68, 0.14, 0.24, 0.62]
sens_class	3	1	0.1	1.13	56.27	19	16	0.74	0.59	0.01	0.93	0.4	0.12	0.73	0.75	0.09	0.22	0.03	0.392	0.12	0.35	2.1	5.59	9	14	[34, 160, 149, 98, 68, 110, 157]	[0.32, 0.61, 0.44, 0.82, 0.95, 0.74, 0.34]	[0.41, 0.4, 0.1, 0.68, 0.14, 0.24, 0.62]
sens_class	3	1	0.1	1.13	56.27	19	16	0.74	0.59	0.01	0.93	0.4	0.12	0.73	0.75	0.09	0.22	0.03	0.392	0.12	0.35	2.1	5.59	9	14	[34, 160, 149, 98, 68, 110, 157]	[0.32, 0.61, 0.44, 0.82, 0.95, 0.74, 0.34]	[0.41, 0.4, 0.1, 0.68, 0.14, 0.24, 0.62]
sens_class	3	1	0.1	1.13	56.27	19	16	0.74	0.59	0.01	0.93	0.4	0.12	0.73	0.75	0.09	0.22	0.03	0.392	0.12	0.35	2.1	5.59	9	14	[34, 160, 149, 98, 68, 110, 157]	[0.32, 0.61, 0.44, 0.82, 0.02, 0.45, 0.34]	[0.41, 0.4, 0.1, 0.68, 0.14, 0.24, 0.62]
sens_class	3	1	0.1	1.13	56.27	19	16	0.74	0.59	0.01	0.93	0.4	0.12	0.73	0.75	0.09	0.22	0.03	0.392	0.12	0.35	2.1	5.59	9	14	[34, 160, 149, 98, 68, 110, 157]	[0.32, 0.61, 0.44, 0.82, 0.02, 0.45, 0.34]	[0.41, 0.4, 0.1, 0.68, 0.14, 0.24, 0.62]
sens_class	3	1	0.1	1.13	56.27	19	16	0.74	0.59	0.01	0.93	0.4	0.12	0.73	0.75	0.09	0.22	0.03	0.392	0.12	0.35	2.1	5.59	9	14	[34, 160, 149, 98, 68, 110, 157]	[0.32, 0.61, 0.44, 0.82, 0.02, 0.74, 0.5]	[0.41, 0.4, 0.1, 0.68, 0.14, 0.24, 0.62]
sens_class	3	1	0.1	1.13	56.27	19	16	0.74	0.59	0.01	0.93	0.4	0.12	0.73	0.75	0.09	0.22	0.03	0.392	0.12	0.35	2.1	5.59	9	14	[34, 160, 149, 98, 68, 110, 157]	[0.32, 0.61, 0.44, 0.82, 0.02, 0.74, 0.5]	[0.41, 0.4, 0.1, 0.68, 0.14, 0.24, 0.62]
sens_class	3	1	0.1	1.13	56.27	19	16	0.74	0.59	0.01	0.93	0.4	0.12	0.73	0.75	0.09	0.22	0.03	0.392	0.12	0.35	2.1	5.59	9	14	[34, 160, 149, 98, 68, 110, 157]	[0.32, 0.61, 0.44, 0.82, 0.02, 0.74, 0.34]	[0.94, 0.4, 0.1, 0.68, 0.14, 0.24, 0.62]
sens_class	3	1	0.1	1.13	56.27	19	16	0.74	0.59	0.01	0.93	0.4	0.12	0.73	0.75	0.09	0.22	0.03	0.392	0.12	0.35	2.1	5.59	9	14	[34, 160, 149, 98, 68, 110, 157]	[0.32, 0.61, 0.44, 0.82, 0.02, 0.74, 0.34]	[0.94, 0.4, 0.1, 0.68, 0.14, 0.24, 0.62]
sens_class	3	1	0.1	1.13	56.27	19	16	0.74	0.59	0.01	0.93	0.4	0.12	0.73	0.75	0.09	0.22	0.03	0.392	0.12	0.35	2.1	5.59	9	14	[34, 160, 149, 98, 68, 110, 157]	[0.32, 0.61, 0.44, 0.82, 0.02, 0.74, 0.34]	[0.41, 0.49, 0.1, 0.68, 0.14, 0.24, 0.62]
sens_class	3	1	0.1	1.13	56.27	19	16	0.74	0.59	0.01	0.93	0.4	0.12	0.73	0.75	0.09	0.22	0.03	0.392	0.12	0.35	2.1	5.59	9	14	[34, 160, 149, 98, 68, 110, 157]	[0.32, 0.61, 0.44, 0.82, 0.02, 0.74, 0.34]	[0.41, 0.49, 0.1, 0.68, 0.14, 0.24, 0.62]
sens_class	3	1	0.1	1.13	56.27	19	16	0.74	0.59	0.01	0.93	0.4	0.12	0.73	0.75	0.09	0.22	0.03	0.392	0.12	0.35	2.1	5.59	9	14	[34, 160, 149, 98, 68, 110, 157]	[0.32, 0.61, 0.44, 0.82, 0.02, 0.74, 0.34]	[0.41, 0.4, 0.52, 0.68, 0.14, 0.24, 0.62]
sens_class	3	1	0.1	1.13	56.27	19	16	0.74	0.59	0.01	0.93	0.4	0.12	0.73	0.75	0.09	0.22	0.03	0.392	0.12	0.35	2.1	5.59	9	14	[34, 160, 149, 98, 68, 110, 157]	[0.32, 0.61, 0.44, 0.82, 0.02, 0.74, 0.34]	[0.41, 0.4, 0.52, 0.68, 0.14, 0.24, 0.62]
sens_class	3	1	0.1	1.13	56.27	19	16	0.74	0.59	0.01	0.93	0.4	0.12	0.73	0.75	0.09	0.22	0.03	0.392	0.12	0.35	2.1	5.59	9	14	[34, 160, 149, 98, 68, 110, 157]	[0.32, 0.61, 0.44, 0.82, 0.02, 0.74, 0.34]	[0.41, 0.4, 0.1, 0.08, 0.14, 0.24, 0.62]
sens_class	3	1	0.1	1.13	56.27	19	16	0.74	0.59	0.01	0.93	0.4	0.12	0.73	0.75	0.09	0.22	0.03	0.392	0.12	0.35	2.1	5.59	9	14	[34, 160, 149, 98, 68, 110, 157]	[0.32, 0.61, 0.44, 0.82, 0.02, 0.74, 0.34]	[0.41, 0.4, 0.1, 0.08, 0.14, 0.24, 0.62]
sens_class	3	1	0.1	1.13	56.27	19	16	0.74	0.59	0.01	0.93	0.4	0.12	0.73	0.75	0.09	0.22	0.03	0.392	0.12	0.35	2.1	5.59	9	14	[34, 160, 149, 98, 68, 110, 157]	[0.32, 0.61, 0.44, 0.82, 0.02, 0.74, 0.34]	[0.41, 0.4, 0.1, 0.68, 0.42, 0.24, 0.62]
sens_class	3	1	0.1	1.13	56.27	19	16	0.74	0.59	0.01	0.93	0.4	0.12	0.73	0.75	0.09	0.22	0.03	0.392	0.12	0.35	2.1	5.59	9	14	[34, 160, 149, 98, 68, 110, 157]	[0.32, 0.61, 0.44, 0.82, 0.02, 0.74, 0.34]	[0.41, 0.4, 0.1, 0.68, 0.42, 0.24, 0.62]
sens_class	3	1	0.1	1.13	56.27	19	16	0.74	0.59	0.01	0.93	0.4	0.12	0.73	0.75	0.09	0.22	0.03	0.392	0.12	0.35	2.1	5.59	9	14	[34, 160, 149, 98, 68, 110, 157]	[0.32, 0.61, 0.44, 0.82, 0.02, 0.74, 0.34]	[0.41, 0.4, 0.1, 0.68, 0.14, 0.68, 0.62]
sens_class	3	1	0.1	1.13	56.27	19	16	0.74	0.59	0.01	0.93	0.4	0.12	0.73	0.75	0.09	0.22	0.03	0.392	0.12	0.35	2.1	5.59	9	14	[34, 160, 149, 98, 68, 110, 157]	[0.32, 0.61, 0.44, 0.82, 0.02, 0.74, 0.34]	[0.41, 0.4, 0.1, 0.68, 0.14, 0.68, 0.62]
sens_class	3	1	0.1	1.13	56.27	19	16	0.74	0.59	0.01	0.93	0.4	0.12	0.73	0.75	0.09	0.22	0.03	0.392	0.12	0.35	2.1	5.59	9	14	[34, 160, 149, 98, 68, 110, 157]	[0.32, 0.61, 0.44, 0.82, 0.02, 0.74, 0.34]	[0.41, 0.4, 0.1, 0.68, 0.14, 0.24, 0.74]
sens_class	3	1	0.1	1.13	56.27	19	16	0.74	0.59	0.01	0.93	0.4	0.12	0.73	0.75	0.09	0.22	0.03	0.392	0.12	0.35	2.1	5.59	9	14	[34, 160, 149, 98, 68, 110, 157]	[0.32, 0.61, 0.44, 0.82, 0.02, 0.74, 0.34]	[0.41, 0.4, 0.1, 0.68, 0.14, 0.24, 0.74]
sens_class	4	2	0.61	0.09	36.49	19	19	0.08	0.86	0.2	0.59	0.72	0.77	0.86	0.08	0.151	0.29	0.05	0.351	0.33	0.25	1.05	5.45	8	30	[100, 95, 114, 70, 121, 53, 168]	[0.94, 0.86, 0.59, 0.44, 0.95, 0.45, 0.5]	[0.94, 0.49, 0.52, 0.08, 0.42, 0.68, 0.74]
sens_class	4	2	0.61	0.09	36.49	19	19	0.08	0.86	0.2	0.59	0.72	0.77	0.86	0.08	0.151	0.29	0.05	0.351	0.33	0.25	1.05	5.45	8	30	[100, 95, 114, 70, 121, 53, 168]	[0.94, 0.86, 0.59, 0.44, 0.95, 0.45, 0.5]	[0.94, 0.49, 0.52, 0.08, 0.42, 0.68, 0.74]
sens_class	3	2	0.51	0.3	23.4	23	37	0.43	0.46	0.91	0.05	0.82	0.68	0.48	0.08	0.097	0.15	0.21	0.218	0.39	0.08	1.45	1.75	4	7	[143, 60, 65, 130, 132, 59, 79]	[0.59, 0.4, 0.51, 0.29, 0.93, 0.06, 0.62]	[0.97, 0.69, 0.55, 0.4, 0.89, 0.88, 0.2]
sens_class	3	2	0.51	0.3	23.4	23	37	0.43	0.46	0.91	0.05	0.82	0.68	0.48	0.08	0.097	0.15	0.21	0.218	0.39	0.08	1.45	1.75	4	7	[143, 60, 65, 130, 132, 59, 79]	[0.59, 0.4, 0.51, 0.29, 0.93, 0.06, 0.62]	[0.97, 0.69, 0.55, 0.4, 0.89, 0.88, 0.2]
sens_class	2	2	0.51	0.3	23.4	23	37	0.43	0.46	0.91	0.05	0.82	0.68	0.48	0.08	0.097	0.15	0.21	0.218	0.39	0.08	1.45	1.75	4	7	[143, 60, 65, 130, 132, 59, 79]	[0.59, 0.4, 0.51, 0.29, 0.93, 0.06, 0.62]	[0.97, 0.69, 0.55, 0.4, 0.89, 0.88, 0.2]
sens_class	2	2	0.51	0.3	23.4	23	37	0.43	0.46	0.91	0.05	0.82	0.68	0.48	0.08	0.097	0.15	0.21	0.218	0.39	0.08	1.45	1.75	4	7	[143, 60, 65, 130, 132, 59, 79]	[0.59, 0.4, 0.51, 0.29, 0.93, 0.06, 0.62]	[0.97, 0.69, 0.55, 0.4, 0.89, 0.88, 0.2]
sens_class	3	1	0.51	0.3	23.4	23	37	0.43	0.46	0.91	0.05	0.82	0.68	0.48	0.08	0.097	0.15	0.21	0.218	0.39	0.08	1.45	1.75	4	7	[143, 60, 65, 130, 132, 59, 79]	[0.59, 0.4, 0.51, 0.29, 0.93, 0.06, 0.62]	[0.97, 0.69, 0.55, 0.4, 0.89, 0.88, 0.2]
sens_class	3	1	0.51	0.3	23.4	23	37	0.43	0.46	0.91	0.05	0.82	0.68	0.48	0.08	0.097	0.15	0.21	0.218	0.39	0.08	1.45	1.75	4	7	[143, 60, 65, 130, 132, 59, 79]	[0.59, 0.4, 0.51, 0.29, 0.93, 0.06, 0.62]	[0.97, 0.69, 0.55, 0.4, 0.89, 0.88, 0.2]
sens_class	3	2	0.02	0.3	23.4	23	37	0.43	0.46	0.91	0.05	0.82	0.68	0.48	0.08	0.097	0.15	0.21	0.218	0.39	0.08	1.45	1.75	4	7	[143, 60, 65, 130, 132, 59, 79]	[0.59, 0.4, 0.51, 0.29, 0.93, 0.06, 0.62]	[0.97, 0.69, 0.55, 0.4, 0.89, 0.88, 0.2]
sens_class	3	2	0.02	0.3	23.4	23	37	0.43	0.46	0.91	0.05	0.82	0.68	0.48	0.08	0.097	0.15	0.21	0.218	0.39	0.08	1.45	1.75	4	7	[143, 60, 65, 130, 132, 59, 79]	[0.59, 0.4, 0.51, 0.29, 0.93, 0.06, 0.62]	[0.97, 0.69, 0.55, 0.4, 0.89, 0.88, 0.2]
sens_class	3	2	0.51	1.29	23.4	23	37	0.43	0.46	0.91	0.05	0.82	0.68	0.48	0.08	0.097	0.15	0.21	0.218	0.39	0.08	1.45	1.75	4	7	[143, 60, 65, 130, 132, 59, 79]	[0.59, 0.4, 0.51, 0.29, 0.93, 0.06, 0.62]	[0.97, 0.69, 0.55, 0.4, 0.89, 0.88, 0.2]
sens_class	3	2	0.51	1.29	23.4	23	37	0.43	0.46	0.91	0.05	0.82	0.68	0.48	0.08	0.097	0.15	0.21	0.218	0.39	0.08	1.45	1.75	4	7	[143, 60, 65, 130, 132, 59, 79]	[0.59, 0.4, 0.51, 0.29, 0.93, 0.06, 0.62]	[0.97, 0.69, 0.55, 0.4, 0.89, 0.88, 0.2]
sens_class	3	2	0.51	0.3	44.88	23	37	0.43	0.46	0.91	0.05	0.82	0.68	0.48	0.08	0.097	0.15	0.21	0.218	0.39	0.08	1.45	1.75	4	7	[143, 60, 65, 130, 132, 59, 79]	[0.59, 0.4, 0.51, 0.29, 0.93, 0.06, 0.62]	[0.97, 0.69, 0.55, 0.4, 0.89, 0.88, 0.2]
sens_class	3	2	0.51	0.3	44.88	23	37	0.43	0.46	0.91	0.05	0.82	0.68	0.48	0.08	0.097	0.15	0.21	0.218	0.39	0.08	1.45	1.75	4	7	[143, 60, 65, 130, 132, 59, 79]	[0.59, 0.4, 0.51, 0.29, 0.93, 0.06, 0.62]	[0.97, 0.69, 0.55, 0.4, 0.89, 0.88, 0.2]
sens_class	3	2	0.51	0.3	23.4	21	37	0.43	0.46	0.91	0.05	0.82	0.68	0.48	0.08	0.097	0.15	0.21	0.218	0.39	0.08	1.45	1.75	4	7	[143, 60, 65, 130, 132, 59, 79]	[0.59, 0.4, 0.51, 0.29, 0.93, 0.06, 0.62]	[0.97, 0.69, 0.55, 0.4, 0.89, 0.88, 0.2]
sens_class	3	2	0.51	0.3	23.4	21	37	0.43	0.46	0.91	0.05	0.82	0.68	0.48	0.08	0.097	0.15	0.21	0.218	0.39	0.08	1.45	1.75	4	7	[143, 60, 65, 130, 132, 59, 79]	[0.59, 0.4, 0.51, 0.29, 0.93, 0.06, 0.62]	[0.97, 0.69, 0.55, 0.4, 0.89, 0.88, 0.2]
sens_class	3	2	0.51	0.3	23.4	23	31	0.43	0.46	0.91	0.05	0.82	0.68	0.48	0.08	0.097	0.15	0.21	0.218	0.39	0.08	1.45	1.75	4	7	[143, 60, 65, 130, 132, 59, 79]	[0.59, 0.4, 0.51, 0.29, 0.93, 0.06, 0.62]	[0.97, 0.69, 0.55, 0.4, 0.89, 0.88, 0.2]
sens_class	3	2	0.51	0.3	23.4	23	31	0.43	0.46	0.91	0.05	0.82	0.68	0.48	0.08	0.097	0.15	0.21	0.218	0.39	0.08	1.45	1.75	4	7	[143, 60, 65, 130, 132, 59, 79]	[0.59, 0.4, 0.51, 0.29, 0.93, 0.06, 0.62]	[0.97, 0.69, 0.55, 0.4, 0.89, 0.88, 0.2]
sens_class	3	2	0.51	0.3	23.4	23	37	0.51	0.46	0.91	0.05	0.82	0.68	0.48	0.08	0.097	0.15	0.21	0.218	0.39	0.08	1.45	1.75	4	7	[143, 60, 65, 130, 132, 59, 79]	[0.59, 0.4, 0.51, 0.29, 0.93, 0.06, 0.62]	[0.97, 0.69, 0.55, 0.4, 0.89, 0.88, 0.2]
sens_class	3	2	0.51	0.3	23.4	23	37	0.51	0.46	0.91	0.05	0.82	0.68	0.48	0.08	0.097	0.15	0.21	0.218	0.39	0.08	1.45	1.75	4	7	[143, 60, 65, 130, 132, 59, 79]	[0.59, 0.4, 0.51, 0.29, 0.93, 0.06, 0.62]	[0.97, 0.69, 0.55, 0.4, 0.89, 0.88, 0.2]
sens_class	3	2	0.51	0.3	23.4	23	37	0.43	0.31	0.91	0.05	0.82	0.68	0.48	0.08	0.097	0.15	0.21	0.218	0.39	0.08	1.45	1.75	4	7	[143, 60, 65, 130, 132, 59, 79]	[0.59, 0.4, 0.51, 0.29, 0.93, 0.06, 0.62]	[0.97, 0.69, 0.55, 0.4, 0.89, 0.88, 0.2]
sens_class	3	2	0.51	0.3	23.4	23	37	0.43	0.31	0.91	0.05	0.82	0.68	0.48	0.08	0.097	0.15	0.21	0.218	0.39	0.08	1.45	1.75	4	7	[143, 60, 65, 130, 132, 59, 79]	[0.59, 0.4, 0.51, 0.29, 0.93, 0.06, 0.62]	[0.97, 0.69, 0.55, 0.4, 0.89, 0.88, 0.2]
sens_class	3	2	0.51	0.3	23.4	23	37	0.43	0.46	0.56	0.05	0.82	0.68	0.48	0.08	0.097	0.15	0.21	0.218	0.39	0.08	1.45	1.75	4	7	[143, 60, 65, 130, 132, 59, 79]	[0.59, 0.4, 0.51, 0.29, 0.93, 0.06, 0.62]	[0.97, 0.69, 0.55, 0.4, 0.89, 0.88, 0.2]
sens_class	3	2	0.51	0.3	23.4	23	37	0.43	0.46	0.56	0.05	0.82	0.68	0.48	0.08	0.097	0.15	0.21	0.218	0.39	0.08	1.45	1.75	4	7	[143, 60, 65, 130, 132, 59, 79]	[0.59, 0.4, 0.51, 0.29, 0.93, 0.06, 0.62]	[0.97, 0.69, 0.55, 0.4, 0.89, 0.88, 0.2]
sens_class	3	2	0.51	0.3	23.4	23	37	0.43	0.46	0.91	0.18	0.82	0.68	0.48	0.08	0.097	0.15	0.21	0.218	0.39	0.08	1.45	1.75	4	7	[143, 60, 65, 130, 132, 59, 79]	[0.59, 0.4, 0.51, 0.29, 0.93, 0.06, 0.62]	[0.97, 0.69, 0.55, 0.4, 0.89, 0.88, 0.2]
sens_class	3	2	0.51	0.3	23.4	23	37	0.43	0.46	0.91	0.18	0.82	0.68	0.48	0.08	0.097	0.15	0.21	0.218	0.39	0.08	1.45	1.75	4	7	[143, 60, 65, 130, 132, 59, 79]	[0.59, 0.4, 0.51, 0.29, 0.93, 0.06, 0.62]	[0.97, 0.69, 0.55, 0.4, 0.89, 0.88, 0.2]
sens_class	3	2	0.51	0.3	23.4	23	37	0.43	0.46	0.91	0.05	0.22	0.68	0.48	0.08	0.097	0.15	0.21	0.218	0.39	0.08	1.45	1.75	4	7	[143, 60, 65, 130, 132, 59, 79]	[0.59, 0.4, 0.51, 0.29, 0.93, 0.06, 0.62]	[0.97, 0.69, 0.55, 0.4, 0.89, 0.88, 0.2]
sens_class	3	2	0.51	0.3	23.4	23	37	0.43	0.46	0.91	0.05	0.22	0.68	0.48	0.08	0.097	0.15	0.21	0.218	0.39	0.08	1.45	1.75	4	7	[143, 60, 65, 130, 132, 59, 79]	[0.59, 0.4, 0.51, 0.29, 0.93, 0.06, 0.62]	[0.97, 0.69, 0.55, 0.4, 0.89, 0.88, 0.2]
sens_class	3	2	0.51	0.3	23.4	23	37	0.43	0.46	0.91	0.05	0.82	0.03	0.48	0.08	0.097	0.15	0.21	0.218	0.39	0.08	1.45	1.75	4	7	[143, 60, 65, 130, 132, 59, 79]	[0.59, 0.4, 0.51, 0.29, 0.93, 0.06, 0.62]	[0.97, 0.69, 0.55, 0.4, 0.89, 0.88, 0.2]
sens_class	3	2	0.51	0.3	23.4	23	37	0.43	0.46	0.91	0.05	0.82	0.03	0.48	0.08	0.097	0.15	0.21	0.218	0.39	0.08	1.45	1.75	4	7	[143, 60, 65, 130, 132, 59, 79]	[0.59, 0.4, 0.51, 0.29, 0.93, 0.06, 0.62]	[0.97, 0.69, 0.55, 0.4, 0.89, 0.88, 0.2]
sens_class	3	2	0.51	0.3	23.4	23	37	0.43	0.46	0.91	0.05	0.82	0.68	0.33	0.08	0.097	0.15	0.21	0.218	0.39	0.08	1.45	1.75	4	7	[143, 60, 65, 130, 132, 59, 79]	[0.59, 0.4, 0.51, 0.29, 0.93, 0.06, 0.62]	[0.97, 0.69, 0.55, 0.4, 0.89, 0.88, 0.2]
sens_class	3	2	0.51	0.3	23.4	23	37	0.43	0.46	0.91	0.05	0.82	0.68	0.33	0.08	0.097	0.15	0.21	0.218	0.39	0.08	1.45	1.75	4	7	[143, 60, 65, 130, 132, 59, 79]	[0.59, 0.4, 0.51, 0.29, 0.93, 0.06, 0.62]	[0.97, 0.69, 0.55, 0.4, 0.89, 0.88, 0.2]
sens_class	3	2	0.51	0.3	23.4	23	37	0.43	0.46	0.91	0.05	0.82	0.68	0.48	0.95	0.097	0.15	0.21	0.218	0.39	0.08	1.45	1.75	4	7	[143, 60, 65, 130, 132, 59, 79]	[0.59, 0.4, 0.51, 0.29, 0.93, 0.06, 0.62]	[0.97, 0.69, 0.55, 0.4, 0.89, 0.88, 0.2]
sens_class	3	2	0.51	0.3	23.4	23	37	0.43	0.46	0.91	0.05	0.82	0.68	0.48	0.95	0.097	0.15	0.21	0.218	0.39	0.08	1.45	1.75	4	7	[143, 60, 65, 130, 132, 59, 79]	[0.59, 0.4, 0.51, 0.29, 0.93, 0.06, 0.62]	[0.97, 0.69, 0.55, 0.4, 0.89, 0.88, 0.2]
sens_class	3	2	0.51	0.3	23.4	23	37	0.43	0.46	0.91	0.05	0.82	0.68	0.48	0.08	0.088	0.15	0.21	0.218	0.39	0.08	1.45	1.75	4	7	[143, 60, 65, 130, 132, 59, 79]	[0.59, 0.4, 0.51, 0.29, 0.93, 0.06, 0.62]	[0.97, 0.69, 0.55, 0.4, 0.89, 0.88, 0.2]
sens_class	3	2	0.51	0.3	23.4	23	37	0.43	0.46	0.91	0.05	0.82	0.68	0.48	0.08	0.088	0.15	0.21	0.218	0.39	0.08	1.45	1.75	4	7	[143, 60, 65, 130, 132, 59, 79]	[0.59, 0.4, 0.51, 0.29, 0.93, 0.06, 0.62]	[0.97, 0.69, 0.55, 0.4, 0.89, 0.88, 0.2]
sens_class	3	2	0.51	0.3	23.4	23	37	0.43	0.46	0.91	0.05	0.82	0.68	0.48	0.08	0.097	0.1	0.21	0.218	0.39	0.08	1.45	1.75	4	7	[143, 60, 65, 130, 132, 59, 79]	[0.59, 0.4, 0.51, 0.29, 0.93, 0.06, 0.62]	[0.97, 0.69, 0.55, 0.4, 0.89, 0.88, 0.2]
sens_class	3	2	0.51	0.3	23.4	23	37	0.43	0.46	0.91	0.05	0.82	0.68	0.48	0.08	0.097	0.1	0.21	0.218	0.39	0.08	1.45	1.75	4	7	[143, 60, 65, 130, 132, 59, 79]	[0.59, 0.4, 0.51, 0.29, 0.93, 0.06, 0.62]	[0.97, 0.69, 0.55, 0.4, 0.89, 0.88, 0.2]
sens_class	3	2	0.51	0.3	23.4	23	37	0.43	0.46	0.91	0.05	0.82	0.68	0.48	0.08	0.097	0.15	0.23	0.218	0.39	0.08	1.45	1.75	4	7	[143, 60, 65, 130, 132, 59, 79]	[0.59, 0.4, 0.51, 0.29, 0.93, 0.06, 0.62]	[0.97, 0.69, 0.55, 0.4, 0.89, 0.88, 0.2]
sens_class	3	2	0.51	0.3	23.4	23	37	0.43	0.46	0.91	0.05	0.82	0.68	0.48	0.08	0.097	0.15	0.23	0.218	0.39	0.08	1.45	1.75	4	7	[143, 60, 65, 130, 132, 59, 79]	[0.59, 0.4, 0.51, 0.29, 0.93, 0.06, 0.62]	[0.97, 0.69, 0.55, 0.4, 0.89, 0.88, 0.2]
sens_class	3	2	0.51	0.3	23.4	23	37	0.43	0.46	0.91	0.05	0.82	0.68	0.48	0.08	0.097	0.15	0.21	0.295	0.39	0.08	1.45	1.75	4	7	[143, 60, 65, 130, 132, 59, 79]	[0.59, 0.4, 0.51, 0.29, 0.93, 0.06, 0.62]	[0.97, 0.69, 0.55, 0.4, 0.89, 0.88, 0.2]
sens_class	3	2	0.51	0.3	23.4	23	37	0.43	0.46	0.91	0.05	0.82	0.68	0.48	0.08	0.097	0.15	0.21	0.295	0.39	0.08	1.45	1.75	4	7	[143, 60, 65, 130, 132, 59, 79]	[0.59, 0.4, 0.51, 0.29, 0.93, 0.06, 0.62]	[0.97, 0.69, 0.55, 0.4, 0.89, 0.88, 0.2]
sens_class	3	2	0.51	0.3	23.4	23	37	0.43	0.46	0.91	0.05	0.82	0.68	0.48	0.08	0.097	0.15	0.21	0.218	0.12	0.08	1.45	1.75	4	7	[143, 60, 65, 130, 132, 59, 79]	[0.59, 0.4, 0.51, 0.29, 0.93, 0.06, 0.62]	[0.97, 0.69, 0.55, 0.4, 0.89, 0.88, 0.2]
sens_class	3	2	0.51	0.3	23.4	23	37	0.43	0.46	0.91	0.05	0.82	0.68	0.48	0.08	0.097	0.15	0.21	0.218	0.12	0.08	1.45	1.75	4	7	[143, 60, 65, 130, 132, 59, 79]	[0.59, 0.4, 0.51, 0.29, 0.93, 0.06, 0.62]	[0.97, 0.69, 0.55, 0.4, 0.89, 0.88, 0.2]
sens_class	3	2	0.51	0.3	23.4	23	37	0.43	0.46	0.91	0.05	0.82	0.68	0.48	0.08	0.097	0.15	0.21	0.218	0.39	0.15	1.45	1.75	4	7	[143, 60, 65, 130, 132, 59, 79]	[0.59, 0.4, 0.51, 0.29, 0.93, 0.06, 0.62]	[0.97, 0.69, 0.55, 0.4, 0.89, 0.88, 0.2]
sens_class	3	2	0.51	0.3	23.4	23	37	0.43	0.46	0.91	0.05	0.82	0.68	0.48	0.08	0.097	0.15	0.21	0.218	0.39	0.15	1.45	1.75	4	7	[143, 60, 65, 130, 132, 59, 79]	[0.59, 0.4, 0.51, 0.29, 0.93, 0.06, 0.62]	[0.97, 0.69, 0.55, 0.4, 0.89, 0.88, 0.2]
sens_class	3	2	0.51	0.3	23.4	23	37	0.43	0.46	0.91	0.05	0.82	0.68	0.48	0.08	0.097	0.15	0.21	0.218	0.39	0.08	2.69	1.75	4	7	[143, 60, 65, 130, 132, 59, 79]	[0.59, 0.4, 0.51, 0.29, 0.93, 0.06, 0.62]	[0.97, 0.69, 0.55, 0.4, 0.89, 0.88, 0.2]
sens_class	3	2	0.51	0.3	23.4	23	37	0.43	0.46	0.91	0.05	0.82	0.68	0.48	0.08	0.097	0.15	0.21	0.218	0.39	0.08	2.69	1.75	4	7	[143, 60, 65, 130, 132, 59, 79]	[0.59, 0.4, 0.51, 0.29, 0.93, 0.06, 0.62]	[0.97, 0.69, 0.55, 0.4, 0.89, 0.88, 0.2]
sens_class	3	2	0.51	0.3	23.4	23	37	0.43	0.46	0.91	0.05	0.82	0.68	0.48	0.08	0.097	0.15	0.21	0.218	0.39	0.08	1.45	2.88	4	7	[143, 60, 65, 130, 132, 59, 79]	[0.59, 0.4, 0.51, 0.29, 0.93, 0.06, 0.62]	[0.97, 0.69, 0.55, 0.4, 0.89, 0.88, 0.2]
sens_class	3	2	0.51	0.3	23.4	23	37	0.43	0.46	0.91	0.05	0.82	0.68	0.48	0.08	0.097	0.15	0.21	0.218	0.39	0.08	1.45	2.88	4	7	[143, 60, 65, 130, 132, 59, 79]	[0.59, 0.4, 0.51, 0.29, 0.93, 0.06, 0.62]	[0.97, 0.69, 0.55, 0.4, 0.89, 0.88, 0.2]
sens_class	3	2	0.51	0.3	23.4	23	37	0.43	0.46	0.91	0.05	0.82	0.68	0.48	0.08	0.097	0.15	0.21	0.218	0.39	0.08	1.45	1.75	4	7	[137, 60, 65, 130, 132, 59, 79]	[0.59, 0.4, 0.51, 0.29, 0.93, 0.06, 0.62]	[0.97, 0.69, 0.55, 0.4, 0.89, 0.88, 0.2]
sens_class	3	2	0.51	0.3	23.4	23	37	0.43	0.46	0.91	0.05	0.82	0.68	0.48	0.08	0.097	0.15	0.21	0.218	0.39	0.08	1.45	1.75	4	7	[137, 60, 65, 130, 132, 59, 79]	[0.59, 0.4, 0.51, 0.29, 0.93, 0.06, 0.62]	[0.97, 0.69, 0.55, 0.4, 0.89, 0.88, 0.2]
sens_class	3	2	0.51	0.3	23.4	23	37	0.43	0.46	0.91	0.05	0.82	0.68	0.48	0.08	0.097	0.15	0.21	0.218	0.39	0.08	1.45	1.75	4	7	[143, 120, 65, 130, 132, 59, 79]	[0.59, 0.4, 0.51, 0.29, 0.93, 0.06, 0.62]	[0.97, 0.69, 0.55, 0.4, 0.89, 0.88, 0.2]
sens_class	3	2	0.51	0.3	23.4	23	37	0.43	0.46	0.91	0.05	0.82	0.68	0.48	0.08	0.097	0.15	0.21	0.218	0.39	0.08	1.45	1.75	4	7	[143, 120, 65, 130, 132, 59, 79]	[0.59, 0.4, 0.51, 0.29, 0.93, 0.06, 0.62]	[0.97, 0.69, 0.55, 0.4, 0.89, 0.88, 0.2]
sens_class	3	2	0.51	0.3	23.4	23	37	0.43	0.46	0.91	0.05	0.82	0.68	0.48	0.08	0.097	0.15	0.21	0.218	0.39	0.08	1.45	1.75	4	7	[143, 60, 78, 130, 132, 59, 79]	[0.59, 0.4, 0.51, 0.29, 0.93, 0.06, 0.62]	[0.97, 0.69, 0.55, 0.4, 0.89, 0.88, 0.2]
sens_class	3	2	0.51	0.3	23.4	23	37	0.43	0.46	0.91	0.05	0.82	0.68	0.48	0.08	0.097	0.15	0.21	0.218	0.39	0.08	1.45	1.75	4	7	[143, 60, 78, 130, 132, 59, 79]	[0.59, 0.4, 0.51, 0.29, 0.93, 0.06, 0.62]	[0.97, 0.69, 0.55, 0.4, 0.89, 0.88, 0.2]
sens_class	3	2	0.51	0.3	23.4	23	37	0.43	0.46	0.91	0.05	0.82	0.68	0.48	0.08	0.097	0.15	0.21	0.218	0.39	0.08	1.45	1.75	4	7	[143, 60, 65, 119, 132, 59, 79]	[0.59, 0.4, 0.51, 0.29, 0.93, 0.06, 0.62]	[0.97, 0.69, 0.55, 0.4, 0.89, 0.88, 0.2]
sens_class	3	2	0.51	0.3	23.4	23	37	0.43	0.46	0.91	0.05	0.82	0.68	0.48	0.08	0.097	0.15	0.21	0.218	0.39	0.08	1.45	1.75	4	7	[143, 60, 65, 119, 132, 59, 79]	[0.59, 0.4, 0.51, 0.29, 0.93, 0.06, 0.62]	[0.97, 0.69, 0.55, 0.4, 0.89, 0.88, 0.2]
sens_class	3	2	0.51	0.3	23.4	23	37	0.43	0.46	0.91	0.05	0.82	0.68	0.48	0.08	0.097	0.15	0.21	0.218	0.39	0.08	1.45	1.75	4	7	[143, 60, 65, 130, 64, 59, 79]	[0.59, 0.4, 0.51, 0.29, 0.93, 0.06, 0.62]	[0.97, 0.69, 0.55, 0.4, 0.89, 0.88, 0.2]
sens_class	3	2	0.51	0.3	23.4	23	37	0.43	0.46	0.91	0.05	0.82	0.68	0.48	0.08	0.097	0.15	0.21	0.218	0.39	0.08	1.45	1.75	4	7	[143, 60, 65, 130, 64, 59, 79]	[0.59, 0.4, 0.51, 0.29, 0.93, 0.06, 0.62]	[0.97, 0.69, 0.55, 0.4, 0.89, 0.88, 0.2]
sens_class	3	2	0.51	0.3	23.4	23	37	0.43	0.46	0.91	0.05	0.82	0.68	0.48	0.08	0.097	0.15	0.21	0.218	0.39	0.08	1.45	1.75	4	7	[143, 60, 65, 130, 132, 106, 79]	[0.59, 0.4, 0.51, 0.29, 0.93, 0.06, 0.62]	[0.97, 0.69, 0.55, 0.4, 0.89, 0.88, 0.2]
sens_class	3	2	0.51	0.3	23.4	23	37	0.43	0.46	0.91	0.05	0.82	0.68	0.48	0.08	0.097	0.15	0.21	0.218	0.39	0.08	1.45	1.75	4	7	[143, 60, 65, 130, 132, 106, 79]	[0.59, 0.4, 0.51, 0.29, 0.93, 0.06, 0.62]	[0.97, 0.69, 0.55, 0.4, 0.89, 0.88, 0.2]
sens_class	3	2	0.51	0.3	23.4	23	37	0.43	0.46	0.91	0.05	0.82	0.68	0.48	0.08	0.097	0.15	0.21	0.218	0.39	0.08	1.45	1.75	4	7	[143, 60, 65, 130, 132, 59, 98]	[0.59, 0.4, 0.51, 0.29, 0.93, 0.06, 0.62]	[0.97, 0.69, 0.55, 0.4, 0.89, 0.88, 0.2]
sens_class	3	2	0.51	0.3	23.4	23	37	0.43	0.46	0.91	0.05	0.82	0.68	0.48	0.08	0.097	0.15	0.21	0.218	0.39	0.08	1.45	1.75	4	7	[143, 60, 65, 130, 132, 59, 98]	[0.59, 0.4, 0.51, 0.29, 0.93, 0.06, 0.62]	[0.97, 0.69, 0.55, 0.4, 0.89, 0.88, 0.2]
sens_class	3	2	0.51	0.3	23.4	23	37	0.43	0.46	0.91	0.05	0.82	0.68	0.48	0.08	0.097	0.15	0.21	0.218	0.39	0.08	1.45	1.75	2	7	[143, 60, 65, 130, 132, 59, 79]	[0.59, 0.4, 0.51, 0.29, 0.93, 0.06, 0.62]	[0.97, 0.69, 0.55, 0.4, 0.89, 0.88, 0.2]
sens_class	3	2	0.51	0.3	23.4	23	37	0.43	0.46	0.91	0.05	0.82	0.68	0.48	0.08	0.097	0.15	0.21	0.218	0.39	0.08	1.45	1.75	2	7	[143, 60, 65, 130, 132, 59, 79]	[0.59, 0.4, 0.51, 0.29, 0.93, 0.06, 0.62]	[0.97, 0.69, 0.55, 0.4, 0.89, 0.88, 0.2]
sens_class	3	2	0.51	0.3	23.4	23	37	0.43	0.46	0.91	0.05	0.82	0.68	0.48	0.08	0.097	0.15	0.21	0.218	0.39	0.08	1.45	1.75	4	14	[143, 60, 65, 130, 132, 59, 79]	[0.59, 0.4, 0.51, 0.29, 0.93, 0.06, 0.62]	[0.97, 0.69, 0.55, 0.4, 0.89, 0.88, 0.2]
sens_class	3	2	0.51	0.3	23.4	23	37	0.43	0.46	0.91	0.05	0.82	0.68	0.48	0.08	0.097	0.15	0.21	0.218	0.39	0.08	1.45	1.75	4	14	[143, 60, 65, 130, 132, 59, 79]	[0.59, 0.4, 0.51, 0.29, 0.93, 0.06, 0.62]	[0.97, 0.69, 0.55, 0.4, 0.89, 0.88, 0.2]
sens_class	3	2	0.51	0.3	23.4	23	37	0.43	0.46	0.91	0.05	0.82	0.68	0.48	0.08	0.097	0.15	0.21	0.218	0.39	0.08	1.45	1.75	4	7	[143, 60, 65, 130, 132, 59, 79]	[0.37, 0.4, 0.51, 0.29, 0.93, 0.06, 0.62]	[0.97, 0.69, 0.55, 0.4, 0.89, 0.88, 0.2]
sens_class	3	2	0.51	0.3	23.4	23	37	0.43	0.46	0.91	0.05	0.82	0.68	0.48	0.08	0.097	0.15	0.21	0.218	0.39	0.08	1.45	1.75	4	7	[143, 60, 65, 130, 132, 59, 79]	[0.37, 0.4, 0.51, 0.29, 0.93, 0.06, 0.62]	[0.97, 0.69, 0.55, 0.4, 0.89, 0.88, 0.2]
sens_class	3	2	0.51	0.3	23.4	23	37	0.43	0.46	0.91	0.05	0.82	0.68	0.48	0.08	0.097	0.15	0.21	0.218	0.39	0.08	1.45	1.75	4	7	[143, 60, 65, 130, 132, 59, 79]	[0.59, 0.37, 0.51, 0.29, 0.93, 0.06, 0.62]	[0.97, 0.69, 0.55, 0.4, 0.89, 0.88, 0.2]
sens_class	3	2	0.51	0.3	23.4	23	37	0.43	0.46	0.91	0.05	0.82	0.68	0.48	0.08	0.097	0.15	0.21	0.218	0.39	0.08	1.45	1.75	4	7	[143, 60, 65, 130, 132, 59, 79]	[0.59, 0.37, 0.51, 0.29, 0.93, 0.06, 0.62]	[0.97, 0.69, 0.55, 0.4, 0.89, 0.88, 0.2]
sens_class	3	2	0.51	0.3	23.4	23	37	0.43	0.46	0.91	0.05	0.82	0.68	0.48	0.08	0.097	0.15	0.21	0.218	0.39	0.08	1.45	1.75	4	7	[143, 60, 65, 130, 132, 59, 79]	[0.59, 0.4, 0.42, 0.29, 0.93, 0.06, 0.62]	[0.97, 0.69, 0.55, 0.4, 0.89, 0.88, 0.2]
sens_class	3	2	0.51	0.3	23.4	23	37	0.43	0.46	0.91	0.05	0.82	0.68	0.48	0.08	0.097	0.15	0.21	0.218	0.39	0.08	1.45	1.75	4	7	[143, 60, 65, 130, 132, 59, 79]	[0.59, 0.4, 0.42, 0.29, 0.93, 0.06, 0.62]	[0.97, 0.69, 0.55, 0.4, 0.89, 0.88, 0.2]
sens_class	3	2	0.51	0.3	23.4	23	37	0.43	0.46	0.91	0.05	0.82	0.68	0.48	0.08	0.097	0.15	0.21	0.218	0.39	0.08	1.45	1.75	4	7	[143, 60, 65, 130, 132, 59, 79]	[0.59, 0.4, 0.51, 0.97, 0.93, 0.06, 0.62]	[0.97, 0.69, 0.55, 0.4, 0.89, 0.88, 0.2]
sens_class	3	2	0.51	0.3	23.4	23	37	0.43	0.46	0.91	0.05	0.82	0.68	0.48	0.08	0.097	0.15	0.21	0.218	0.39	0.08	1.45	1.75	4	7	[143, 60, 65, 130, 132, 59, 79]	[0.59, 0.4, 0.51, 0.97, 0.93, 0.06, 0.62]	[0.97, 0.69, 0.55, 0.4, 0.89, 0.88, 0.2]
sens_class	3	2	0.51	0.3	23.4	23	37	0.43	0.46	0.91	0.05	0.82	0.68	0.48	0.08	0.097	0.15	0.21	0.218	0.39	0.08	1.45	1.75	4	7	[143, 60, 65, 130, 132, 59, 79]	[0.59, 0.4, 0.51, 0.29, 0.11, 0.06, 0.62]	[0.97, 0.69, 0.55, 0.4, 0.89, 0.88, 0.2]
sens_class	3	2	0.51	0.3	23.4	23	37	0.43	0.46	0.91	0.05	0.82	0.68	0.48	0.08	0.097	0.15	0.21	0.218	0.39	0.08	1.45	1.75	4	7	[143, 60, 65, 130, 132, 59, 79]	[0.59, 0.4, 0.51, 0.29, 0.11, 0.06, 0.62]	[0.97, 0.69, 0.55, 0.4, 0.89, 0.88, 0.2]
sens_class	3	2	0.51	0.3	23.4	23	37	0.43	0.46	0.91	0.05	0.82	0.68	0.48	0.08	0.097	0.15	0.21	0.218	0.39	0.08	1.45	1.75	4	7	[143, 60, 65, 130, 132, 59, 79]	[0.59, 0.4, 0.51, 0.29, 0.93, 0.8, 0.62]	[0.97, 0.69, 0.55, 0.4, 0.89, 0.88, 0.2]
sens_class	3	2	0.51	0.3	23.4	23	37	0.43	0.46	0.91	0.05	0.82	0.68	0.48	0.08	0.097	0.15	0.21	0.218	0.39	0.08	1.45	1.75	4	7	[143, 60, 65, 130, 132, 59, 79]	[0.59, 0.4, 0.51, 0.29, 0.93, 0.8, 0.62]	[0.97, 0.69, 0.55, 0.4, 0.89, 0.88, 0.2]
sens_class	3	2	0.51	0.3	23.4	23	37	0.43	0.46	0.91	0.05	0.82	0.68	0.48	0.08	0.097	0.15	0.21	0.218	0.39	0.08	1.45	1.75	4	7	[143, 60, 65, 130, 132, 59, 79]	[0.59, 0.4, 0.51, 0.29, 0.93, 0.06, 0.5]	[0.97, 0.69, 0.55, 0.4, 0.89, 0.88, 0.2]
sens_class	3	2	0.51	0.3	23.4	23	37	0.43	0.46	0.91	0.05	0.82	0.68	0.48	0.08	0.097	0.15	0.21	0.218	0.39	0.08	1.45	1.75	4	7	[143, 60, 65, 130, 132, 59, 79]	[0.59, 0.4, 0.51, 0.29, 0.93, 0.06, 0.5]	[0.97, 0.69, 0.55, 0.4, 0.89, 0.88, 0.2]
sens_class	3	2	0.51	0.3	23.4	23	37	0.43	0.46	0.91	0.05	0.82	0.68	0.48	0.08	0.097	0.15	0.21	0.218	0.39	0.08	1.45	1.75	4	7	[143, 60, 65, 130, 132, 59, 79]	[0.59, 0.4, 0.51, 0.29, 0.93, 0.06, 0.62]	[0.35, 0.69, 0.55, 0.4, 0.89, 0.88, 0.2]
sens_class	3	2	0.51	0.3	23.4	23	37	0.43	0.46	0.91	0.05	0.82	0.68	0.48	0.08	0.097	0.15	0.21	0.218	0.39	0.08	1.45	1.75	4	7	[143, 60, 65, 130, 132, 59, 79]	[0.59, 0.4, 0.51, 0.29, 0.93, 0.06, 0.62]	[0.35, 0.69, 0.55, 0.4, 0.89, 0.88, 0.2]
sens_class	3	2	0.51	0.3	23.4	23	37	0.43	0.46	0.91	0.05	0.82	0.68	0.48	0.08	0.097	0.15	0.21	0.218	0.39	0.08	1.45	1.75	4	7	[143, 60, 65, 130, 132, 59, 79]	[0.59, 0.4, 0.51, 0.29, 0.93, 0.06, 0.62]	[0.97, 0.75, 0.55, 0.4, 0.89, 0.88, 0.2]
sens_class	3	2	0.51	0.3	23.4	23	37	0.43	0.46	0.91	0.05	0.82	0.68	0.48	0.08	0.097	0.15	0.21	0.218	0.39	0.08	1.45	1.75	4	7	[143, 60, 65, 130, 132, 59, 79]	[0.59, 0.4, 0.51, 0.29, 0.93, 0.06, 0.62]	[0.97, 0.75, 0.55, 0.4, 0.89, 0.88, 0.2]
sens_class	3	2	0.51	0.3	23.4	23	37	0.43	0.46	0.91	0.05	0.82	0.68	0.48	0.08	0.097	0.15	0.21	0.218	0.39	0.08	1.45	1.75	4	7	[143, 60, 65, 130, 132, 59, 79]	[0.59, 0.4, 0.51, 0.29, 0.93, 0.06, 0.62]	[0.97, 0.69, 0.09, 0.4, 0.89, 0.88, 0.2]
sens_class	3	2	0.51	0.3	23.4	23	37	0.43	0.46	0.91	0.05	0.82	0.68	0.48	0.08	0.097	0.15	0.21	0.218	0.39	0.08	1.45	1.75	4	7	[143, 60, 65, 130, 132, 59, 79]	[0.59, 0.4, 0.51, 0.29, 0.93, 0.06, 0.62]	[0.97, 0.69, 0.09, 0.4, 0.89, 0.88, 0.2]
sens_class	3	2	0.51	0.3	23.4	23	37	0.43	0.46	0.91	0.05	0.82	0.68	0.48	0.08	0.097	0.15	0.21	0.218	0.39	0.08	1.45	1.75	4	7	[143, 60, 65, 130, 132, 59, 79]	[0.59, 0.4, 0.51, 0.29, 0.93, 0.06, 0.62]	[0.97, 0.69, 0.55, 0.85, 0.89, 0.88, 0.2]
sens_class	3	2	0.51	0.3	23.4	23	37	0.43	0.46	0.91	0.05	0.82	0.68	0.48	0.08	0.097	0.15	0.21	0.218	0.39	0.08	1.45	1.75	4	7	[143, 60, 65, 130, 132, 59, 79]	[0.59, 0.4, 0.51, 0.29, 0.93, 0.06, 0.62]	[0.97, 0.69, 0.55, 0.85, 0.89, 0.88, 0.2]
sens_class	3	2	0.51	0.3	23.4	23	37	0.43	0.46	0.91	0.05	0.82	0.68	0.48	0.08	0.097	0.15	0.21	0.218	0.39	0.08	1.45	1.75	4	7	[143, 60, 65, 130, 132, 59, 79]	[0.59, 0.4, 0.51, 0.29, 0.93, 0.06, 0.62]	[0.97, 0.69, 0.55, 0.4, 0.91, 0.88, 0.2]
sens_class	3	2	0.51	0.3	23.4	23	37	0.43	0.46	0.91	0.05	0.82	0.68	0.48	0.08	0.097	0.15	0.21	0.218	0.39	0.08	1.45	1.75	4	7	[143, 60, 65, 130, 132, 59, 79]	[0.59, 0.4, 0.51, 0.29, 0.93, 0.06, 0.62]	[0.97, 0.69, 0.55, 0.4, 0.91, 0.88, 0.2]
sens_class	3	2	0.51	0.3	23.4	23	37	0.43	0.46	0.91	0.05	0.82	0.68	0.48	0.08	0.097	0.15	0.21	0.218	0.39	0.08	1.45	1.75	4	7	[143, 60, 65, 130, 132, 59, 79]	[0.59, 0.4, 0.51, 0.29, 0.93, 0.06, 0.62]	[0.97, 0.69, 0.55, 0.4, 0.89, 0.49, 0.2]
sens_class	3	2	0.51	0.3	23.4	23	37	0.43	0.46	0.91	0.05	0.82	0.68	0.48	0.08	0.097	0.15	0.21	0.218	0.39	0.08	1.45	1.75	4	7	[143, 60, 65, 130, 132, 59, 79]	[0.59, 0.4, 0.51, 0.29, 0.93, 0.06, 0.62]	[0.97, 0.69, 0.55, 0.4, 0.89, 0.49, 0.2]
sens_class	3	2	0.51	0.3	23.4	23	37	0.43	0.46	0.91	0.05	0.82	0.68	0.48	0.08	0.097	0.15	0.21	0.218	0.39	0.08	1.45	1.75	4	7	[143, 60, 65, 130, 132, 59, 79]	[0.59, 0.4, 0.51, 0.29, 0.93, 0.06, 0.62]	[0.97, 0.69, 0.55, 0.4, 0.89, 0.88, 0.2]
sens_class	3	2	0.51	0.3	23.4	23	37	0.43	0.46	0.91	0.05	0.82	0.68	0.48	0.08	0.097	0.15	0.21	0.218	0.39	0.08	1.45	1.75	4	7	[143, 60, 65, 130, 132, 59, 79]	[0.59, 0.4, 0.51, 0.29, 0.93, 0.06, 0.62]	[0.97, 0.69, 0.55, 0.4, 0.89, 0.88, 0.2]
sens_class	2	1	0.02	1.29	44.88	21	31	0.51	0.31	0.56	0.18	0.22	0.03	0.33	0.95	0.088	0.1	0.23	0.295	0.12	0.15	2.69	2.88	2	14	[137, 120, 78, 119, 64, 106, 98]	[0.37, 0.37, 0.42, 0.97, 0.11, 0.8, 0.5]	[0.35, 0.75, 0.09, 0.85, 0.91, 0.49, 0.2]
sens_class	2	1	0.02	1.29	44.88	21	31	0.51	0.31	0.56	0.18	0.22	0.03	0.33	0.95	0.088	0.1	0.23	0.295	0.12	0.15	2.69	2.88	2	14	[137, 120, 78, 119, 64, 106, 98]	[0.37, 0.37, 0.42, 0.97, 0.11, 0.8, 0.5]	[0.35, 0.75, 0.09, 0.85, 0.91, 0.49, 0.2]
sens_class	5	1	0.29	1.42	34.86	22	24	0.16	0.18	0.67	0.35	0.54	0.25	0.76	0.48	0.047	0.07	0.13	0.192	0.06	0.21	1.6	3.45	10	14	[93, 131, 91, 49, 163, 173, 44]	[0.13, 0.23, 1.0, 0.25, 0.43, 0.96, 0.25]	[0.08, 0.24, 0.83, 0.77, 0.25, 0.72, 0.99]
sens_class	5	1	0.29	1.42	34.86	22	24	0.16	0.18	0.67	0.35	0.54	0.25	0.76	0.48	0.047	0.07	0.13	0.192	0.06	0.21	1.6	3.45	10	14	[93, 131, 91, 49, 163, 173, 44]	[0.13, 0.23, 1.0, 0.25, 0.43, 0.96, 0.25]	[0.08, 0.24, 0.83, 0.77, 0.25, 0.72, 0.99]
sens_class	5	1	0.29	1.42	34.86	22	24	0.16	0.18	0.67	0.35	0.54	0.25	0.76	0.48	0.047	0.07	0.13	0.192	0.06	0.21	1.6	3.45	10	14	[93, 131, 91, 49, 163, 173, 44]	[0.13, 0.23, 1.0, 0.25, 0.43, 0.96, 0.25]	[0.08, 0.24, 0.83, 0.77, 0.25, 0.72, 0.99]
sens_class	5	1	0.29	1.42	34.86	22	24	0.16	0.18	0.67	0.35	0.54	0.25	0.76	0.48	0.047	0.07	0.13	0.192	0.06	0.21	1.6	3.45	10	14	[93, 131, 91, 49, 163, 173, 44]	[0.13, 0.23, 1.0, 0.25, 0.43, 0.96, 0.25]	[0.08, 0.24, 0.83, 0.77, 0.25, 0.72, 0.99]
sens_class	5	2	0.29	1.42	34.86	22	24	0.16	0.18	0.67	0.35	0.54	0.25	0.76	0.48	0.047	0.07	0.13	0.192	0.06	0.21	1.6	3.45	10	14	[93, 131, 91, 49, 163, 173, 44]	[0.13, 0.23, 1.0, 0.25, 0.43, 0.96, 0.25]	[0.08, 0.24, 0.83, 0.77, 0.25, 0.72, 0.99]
sens_class	5	2	0.29	1.42	34.86	22	24	0.16	0.18	0.67	0.35	0.54	0.25	0.76	0.48	0.047	0.07	0.13	0.192	0.06	0.21	1.6	3.45	10	14	[93, 131, 91, 49, 163, 173, 44]	[0.13, 0.23, 1.0, 0.25, 0.43, 0.96, 0.25]	[0.08, 0.24, 0.83, 0.77, 0.25, 0.72, 0.99]
sens_class	5	1	0.48	1.42	34.86	22	24	0.16	0.18	0.67	0.35	0.54	0.25	0.76	0.48	0.047	0.07	0.13	0.192	0.06	0.21	1.6	3.45	10	14	[93, 131, 91, 49, 163, 173, 44]	[0.13, 0.23, 1.0, 0.25, 0.43, 0.96, 0.25]	[0.08, 0.24, 0.83, 0.77, 0.25, 0.72, 0.99]
sens_class	5	1	0.48	1.42	34.86	22	24	0.16	0.18	0.67	0.35	0.54	0.25	0.76	0.48	0.047	0.07	0.13	0.192	0.06	0.21	1.6	3.45	10	14	[93, 131, 91, 49, 163, 173, 44]	[0.13, 0.23, 1.0, 0.25, 0.43, 0.96, 0.25]	[0.08, 0.24, 0.83, 0.77, 0.25, 0.72, 0.99]
sens_class	5	1	0.29	0.89	34.86	22	24	0.16	0.18	0.67	0.35	0.54	0.25	0.76	0.48	0.047	0.07	0.13	0.192	0.06	0.21	1.6	3.45	10	14	[93, 131, 91, 49, 163, 173, 44]	[0.13, 0.23, 1.0, 0.25, 0.43, 0.96, 0.25]	[0.08, 0.24, 0.83, 0.77, 0.25, 0.72, 0.99]
sens_class	5	1	0.29	0.89	34.86	22	24	0.16	0.18	0.67	0.35	0.54	0.25	0.76	0.48	0.047	0.07	0.13	0.192	0.06	0.21	1.6	3.45	10	14	[93, 131, 91, 49, 163, 173, 44]	[0.13, 0.23, 1.0, 0.25, 0.43, 0.96, 0.25]	[0.08, 0.24, 0.83, 0.77, 0.25, 0.72, 0.99]
sens_class	5	1	0.29	1.42	13.86	22	24	0.16	0.18	0.67	0.35	0.54	0.25	0.76	0.48	0.047	0.07	0.13	0.192	0.06	0.21	1.6	3.45	10	14	[93, 131, 91, 49, 163, 173, 44]	[0.13, 0.23, 1.0, 0.25, 0.43, 0.96, 0.25]	[0.08, 0.24, 0.83, 0.77, 0.25, 0.72, 0.99]
sens_class	5	1	0.29	1.42	13.86	22	24	0.16	0.18	0.67	0.35	0.54	0.25	0.76	0.48	0.047	0.07	0.13	0.192	0.06	0.21	1.6	3.45	10	14	[93, 131, 91, 49, 163, 173, 44]	[0.13, 0.23, 1.0, 0.25, 0.43, 0.96, 0.25]	[0.08, 0.24, 0.83, 0.77, 0.25, 0.72, 0.99]
sens_class	5	1	0.29	1.42	34.86	17	24	0.16	0.18	0.67	0.35	0.54	0.25	0.76	0.48	0.047	0.07	0.13	0.192	0.06	0.21	1.6	3.45	10	14	[93, 131, 91, 49, 163, 173, 44]	[0.13, 0.23, 1.0, 0.25, 0.43, 0.96, 0.25]	[0.08, 0.24, 0.83, 0.77, 0.25, 0.72, 0.99]
sens_class	5	1	0.29	1.42	34.86	17	24	0.16	0.18	0.67	0.35	0.54	0.25	0.76	0.48	0.047	0.07	0.13	0.192	0.06	0.21	1.6	3.45	10	14	[93, 131, 91, 49, 163, 173, 44]	[0.13, 0.23, 1.0, 0.25, 0.43, 0.96, 0.25]	[0.08, 0.24, 0.83, 0.77, 0.25, 0.72, 0.99]
sens_class	5	1	0.29	1.42	34.86	22	40	0.16	0.18	0.67	0.35	0.54	0.25	0.76	0.48	0.047	0.07	0.13	0.192	0.06	0.21	1.6	3.45	10	14	[93, 131, 91, 49, 163, 173, 44]	[0.13, 0.23, 1.0, 0.25, 0.43, 0.96, 0.25]	[0.08, 0.24, 0.83, 0.77, 0.25, 0.72, 0.99]
sens_class	5	1	0.29	1.42	34.86	22	40	0.16	0.18	0.67	0.35	0.54	0.25	0.76	0.48	0.047	0.07	0.13	0.192	0.06	0.21	1.6	3.45	10	14	[93, 131, 91, 49, 163, 173, 44]	[0.13, 0.23, 1.0, 0.25, 0.43, 0.96, 0.25]	[0.08, 0.24, 0.83, 0.77, 0.25, 0.72, 0.99]
sens_class	5	1	0.29	1.42	34.86	22	24	0.49	0.18	0.67	0.35	0.54	0.25	0.76	0.48	0.047	0.07	0.13	0.192	0.06	0.21	1.6	3.45	10	14	[93, 131, 91, 49, 163, 173, 44]	[0.13, 0.23, 1.0, 0.25, 0.43, 0.96, 0.25]	[0.08, 0.24, 0.83, 0.77, 0.25, 0.72, 0.99]
sens_class	5	1	0.29	1.42	34.86	22	24	0.49	0.18	0.67	0.35	0.54	0.25	0.76	0.48	0.047	0.07	0.13	0.192	0.06	0.21	1.6	3.45	10	14	[93, 131, 91, 49, 163, 173, 44]	[0.13, 0.23, 1.0, 0.25, 0.43, 0.96, 0.25]	[0.08, 0.24, 0.83, 0.77, 0.25, 0.72, 0.99]
sens_class	5	1	0.29	1.42	34.86	22	24	0.16	0.59	0.67	0.35	0.54	0.25	0.76	0.48	0.047	0.07	0.13	0.192	0.06	0.21	1.6	3.45	10	14	[93, 131, 91, 49, 163, 173, 44]	[0.13, 0.23, 1.0, 0.25, 0.43, 0.96, 0.25]	[0.08, 0.24, 0.83, 0.77, 0.25, 0.72, 0.99]
sens_class	5	1	0.29	1.42	34.86	22	24	0.16	0.59	0.67	0.35	0.54	0.25	0.76	0.48	0.047	0.07	0.13	0.192	0.06	0.21	1.6	3.45	10	14	[93, 131, 91, 49, 163, 173, 44]	[0.13, 0.23, 1.0, 0.25, 0.43, 0.96, 0.25]	[0.08, 0.24, 0.83, 0.77, 0.25, 0.72, 0.99]
sens_class	5	1	0.29	1.42	34.86	22	24	0.16	0.18	0.99	0.35	0.54	0.25	0.76	0.48	0.047	0.07	0.13	0.192	0.06	0.21	1.6	3.45	10	14	[93, 131, 91, 49, 163, 173, 44]	[0.13, 0.23, 1.0, 0.25, 0.43, 0.96, 0.25]	[0.08, 0.24, 0.83, 0.77, 0.25, 0.72, 0.99]
sens_class	5	1	0.29	1.42	34.86	22	24	0.16	0.18	0.99	0.35	0.54	0.25	0.76	0.48	0.047	0.07	0.13	0.192	0.06	0.21	1.6	3.45	10	14	[93, 131, 91, 49, 163, 173, 44]	[0.13, 0.23, 1.0, 0.25, 0.43, 0.96, 0.25]	[0.08, 0.24, 0.83, 0.77, 0.25, 0.72, 0.99]
sens_class	5	1	0.29	1.42	34.86	22	24	0.16	0.18	0.67	0.92	0.54	0.25	0.76	0.48	0.047	0.07	0.13	0.192	0.06	0.21	1.6	3.45	10	14	[93, 131, 91, 49, 163, 173, 44]	[0.13, 0.23, 1.0, 0.25, 0.43, 0.96, 0.25]	[0.08, 0.24, 0.83, 0.77, 0.25, 0.72, 0.99]
sens_class	5	1	0.29	1.42	34.86	22	24	0.16	0.18	0.67	0.92	0.54	0.25	0.76	0.48	0.047	0.07	0.13	0.192	0.06	0.21	1.6	3.45	10	14	[93, 131, 91, 49, 163, 173, 44]	[0.13, 0.23, 1.0, 0.25, 0.43, 0.96, 0.25]	[0.08, 0.24, 0.83, 0.77, 0.25, 0.72, 0.99]
sens_class	5	1	0.29	1.42	34.86	22	24	0.16	0.18	0.67	0.35	0.44	0.25	0.76	0.48	0.047	0.07	0.13	0.192	0.06	0.21	1.6	3.45	10	14	[93, 131, 91, 49, 163, 173, 44]	[0.13, 0.23, 1.0, 0.25, 0.43, 0.96, 0.25]	[0.08, 0.24, 0.83, 0.77, 0.25, 0.72, 0.99]
sens_class	5	1	0.29	1.42	34.86	22	24	0.16	0.18	0.67	0.35	0.44	0.25	0.76	0.48	0.047	0.07	0.13	0.192	0.06	0.21	1.6	3.45	10	14	[93, 131, 91, 49, 163, 173, 44]	[0.13, 0.23, 1.0, 0.25, 0.43, 0.96, 0.25]	[0.08, 0.24, 0.83, 0.77, 0.25, 0.72, 0.99]
sens_class	5	1	0.29	1.42	34.86	22	24	0.16	0.18	0.67	0.35	0.54	0.32	0.76	0.48	0.047	0.07	0.13	0.192	0.06	0.21	1.6	3.45	10	14	[93, 131, 91, 49, 163, 173, 44]	[0.13, 0.23, 1.0, 0.25, 0.43, 0.96, 0.25]	[0.08, 0.24, 0.83, 0.77, 0.25, 0.72, 0.99]
sens_class	5	1	0.29	1.42	34.86	22	24	0.16	0.18	0.67	0.35	0.54	0.32	0.76	0.48	0.047	0.07	0.13	0.192	0.06	0.21	1.6	3.45	10	14	[93, 131, 91, 49, 163, 173, 44]	[0.13, 0.23, 1.0, 0.25, 0.43, 0.96, 0.25]	[0.08, 0.24, 0.83, 0.77, 0.25, 0.72, 0.99]
sens_class	5	1	0.29	1.42	34.86	22	24	0.16	0.18	0.67	0.35	0.54	0.25	0.18	0.48	0.047	0.07	0.13	0.192	0.06	0.21	1.6	3.45	10	14	[93, 131, 91, 49, 163, 173, 44]	[0.13, 0.23, 1.0, 0.25, 0.43, 0.96, 0.25]	[0.08, 0.24, 0.83, 0.77, 0.25, 0.72, 0.99]
sens_class	5	1	0.29	1.42	34.86	22	24	0.16	0.18	0.67	0.35	0.54	0.25	0.18	0.48	0.047	0.07	0.13	0.192	0.06	0.21	1.6	3.45	10	14	[93, 131, 91, 49, 163, 173, 44]	[0.13, 0.23, 1.0, 0.25, 0.43, 0.96, 0.25]	[0.08, 0.24, 0.83, 0.77, 0.25, 0.72, 0.99]
sens_class	5	1	0.29	1.42	34.86	22	24	0.16	0.18	0.67	0.35	0.54	0.25	0.76	0.48	0.047	0.07	0.13	0.192	0.06	0.21	1.6	3.45	10	14	[93, 131, 91, 49, 163, 173, 44]	[0.13, 0.23, 1.0, 0.25, 0.43, 0.96, 0.25]	[0.08, 0.24, 0.83, 0.77, 0.25, 0.72, 0.99]
sens_class	5	1	0.29	1.42	34.86	22	24	0.16	0.18	0.67	0.35	0.54	0.25	0.76	0.48	0.047	0.07	0.13	0.192	0.06	0.21	1.6	3.45	10	14	[93, 131, 91, 49, 163, 173, 44]	[0.13, 0.23, 1.0, 0.25, 0.43, 0.96, 0.25]	[0.08, 0.24, 0.83, 0.77, 0.25, 0.72, 0.99]
sens_class	5	1	0.29	1.42	34.86	22	24	0.16	0.18	0.67	0.35	0.54	0.25	0.76	0.48	0.024	0.07	0.13	0.192	0.06	0.21	1.6	3.45	10	14	[93, 131, 91, 49, 163, 173, 44]	[0.13, 0.23, 1.0, 0.25, 0.43, 0.96, 0.25]	[0.08, 0.24, 0.83, 0.77, 0.25, 0.72, 0.99]
sens_class	5	1	0.29	1.42	34.86	22	24	0.16	0.18	0.67	0.35	0.54	0.25	0.76	0.48	0.024	0.07	0.13	0.192	0.06	0.21	1.6	3.45	10	14	[93, 131, 91, 49, 163, 173, 44]	[0.13, 0.23, 1.0, 0.25, 0.43, 0.96, 0.25]	[0.08, 0.24, 0.83, 0.77, 0.25, 0.72, 0.99]
sens_class	5	1	0.29	1.42	34.86	22	24	0.16	0.18	0.67	0.35	0.54	0.25	0.76	0.48	0.047	0.07	0.13	0.192	0.06	0.21	1.6	3.45	10	14	[93, 131, 91, 49, 163, 173, 44]	[0.13, 0.23, 1.0, 0.25, 0.43, 0.96, 0.25]	[0.08, 0.24, 0.83, 0.77, 0.25, 0.72, 0.99]
sens_class	5	1	0.29	1.42	34.86	22	24	0.16	0.18	0.67	0.35	0.54	0.25	0.76	0.48	0.047	0.07	0.13	0.192	0.06	0.21	1.6	3.45	10	14	[93, 131, 91, 49, 163, 173, 44]	[0.13, 0.23, 1.0, 0.25, 0.43, 0.96, 0.25]	[0.08, 0.24, 0.83, 0.77, 0.25, 0.72, 0.99]
sens_class	5	1	0.29	1.42	34.86	22	24	0.16	0.18	0.67	0.35	0.54	0.25	0.76	0.48	0.047	0.07	0.36	0.192	0.06	0.21	1.6	3.45	10	14	[93, 131, 91, 49, 163, 173, 44]	[0.13, 0.23, 1.0, 0.25, 0.43, 0.96, 0.25]	[0.08, 0.24, 0.83, 0.77, 0.25, 0.72, 0.99]
sens_class	5	1	0.29	1.42	34.86	22	24	0.16	0.18	0.67	0.35	0.54	0.25	0.76	0.48	0.047	0.07	0.36	0.192	0.06	0.21	1.6	3.45	10	14	[93, 131, 91, 49, 163, 173, 44]	[0.13, 0.23, 1.0, 0.25, 0.43, 0.96, 0.25]	[0.08, 0.24, 0.83, 0.77, 0.25, 0.72, 0.99]
sens_class	5	1	0.29	1.42	34.86	22	24	0.16	0.18	0.67	0.35	0.54	0.25	0.76	0.48	0.047	0.07	0.13	0.203	0.06	0.21	1.6	3.45	10	14	[93, 131, 91, 49, 163, 173, 44]	[0.13, 0.23, 1.0, 0.25, 0.43, 0.96, 0.25]	[0.08, 0.24, 0.83, 0.77, 0.25, 0.72, 0.99]
sens_class	5	1	0.29	1.42	34.86	22	24	0.16	0.18	0.67	0.35	0.54	0.25	0.76	0.48	0.047	0.07	0.13	0.203	0.06	0.21	1.6	3.45	10	14	[93, 131, 91, 49, 163, 173, 44]	[0.13, 0.23, 1.0, 0.25, 0.43, 0.96, 0.25]	[0.08, 0.24, 0.83, 0.77, 0.25, 0.72, 0.99]
sens_class	5	1	0.29	1.42	34.86	22	24	0.16	0.18	0.67	0.35	0.54	0.25	0.76	0.48	0.047	0.07	0.13	0.192	0.01	0.21	1.6	3.45	10	14	[93, 131, 91, 49, 163, 173, 44]	[0.13, 0.23, 1.0, 0.25, 0.43, 0.96, 0.25]	[0.08, 0.24, 0.83, 0.77, 0.25, 0.72, 0.99]
sens_class	5	1	0.29	1.42	34.86	22	24	0.16	0.18	0.67	0.35	0.54	0.25	0.76	0.48	0.047	0.07	0.13	0.192	0.01	0.21	1.6	3.45	10	14	[93, 131, 91, 49, 163, 173, 44]	[0.13, 0.23, 1.0, 0.25, 0.43, 0.96, 0.25]	[0.08, 0.24, 0.83, 0.77, 0.25, 0.72, 0.99]
sens_class	5	1	0.29	1.42	34.86	22	24	0.16	0.18	0.67	0.35	0.54	0.25	0.76	0.48	0.047	0.07	0.13	0.192	0.06	0.01	1.6	3.45	10	14	[93, 131, 91, 49, 163, 173, 44]	[0.13, 0.23, 1.0, 0.25, 0.43, 0.96, 0.25]	[0.08, 0.24, 0.83, 0.77, 0.25, 0.72, 0.99]
sens_class	5	1	0.29	1.42	34.86	22	24	0.16	0.18	0.67	0.35	0.54	0.25	0.76	0.48	0.047	0.07	0.13	0.192	0.06	0.01	1.6	3.45	10	14	[93, 131, 91, 49, 163, 173, 44]	[0.13, 0.23, 1.0, 0.25, 0.43, 0.96, 0.25]	[0.08, 0.24, 0.83, 0.77, 0.25, 0.72, 0.99]
sens_class	5	1	0.29	1.42	34.86	22	24	0.16	0.18	0.67	0.35	0.54	0.25	0.76	0.48	0.047	0.07	0.13	0.192	0.06	0.21	2.46	3.45	10	14	[93, 131, 91, 49, 163, 173, 44]	[0.13, 0.23, 1.0, 0.25, 0.43, 0.96, 0.25]	[0.08, 0.24, 0.83, 0.77, 0.25, 0.72, 0.99]
sens_class	5	1	0.29	1.42	34.86	22	24	0.16	0.18	0.67	0.35	0.54	0.25	0.76	0.48	0.047	0.07	0.13	0.192	0.06	0.21	2.46	3.45	10	14	[93, 131, 91, 49, 163, 173, 44]	[0.13, 0.23, 1.0, 0.25, 0.43, 0.96, 0.25]	[0.08, 0.24, 0.83, 0.77, 0.25, 0.72, 0.99]
sens_class	5	1	0.29	1.42	34.86	22	24	0.16	0.18	0.67	0.35	0.54	0.25	0.76	0.48	0.047	0.07	0.13	0.192	0.06	0.21	1.6	4.01	10	14	[93, 131, 91, 49, 163, 173, 44]	[0.13, 0.23, 1.0, 0.25, 0.43, 0.96, 0.25]	[0.08, 0.24, 0.83, 0.77, 0.25, 0.72, 0.99]
sens_class	5	1	0.29	1.42	34.86	22	24	0.16	0.18	0.67	0.35	0.54	0.25	0.76	0.48	0.047	0.07	0.13	0.192	0.06	0.21	1.6	4.01	10	14	[93, 131, 91, 49, 163, 173, 44]	[0.13, 0.23, 1.0, 0.25, 0.43, 0.96, 0.25]	[0.08, 0.24, 0.83, 0.77, 0.25, 0.72, 0.99]
sens_class	5	1	0.29	1.42	34.86	22	24	0.16	0.18	0.67	0.35	0.54	0.25	0.76	0.48	0.047	0.07	0.13	0.192	0.06	0.21	1.6	3.45	10	14	[163, 131, 91, 49, 163, 173, 44]	[0.13, 0.23, 1.0, 0.25, 0.43, 0.96, 0.25]	[0.08, 0.24, 0.83, 0.77, 0.25, 0.72, 0.99]
sens_class	5	1	0.29	1.42	34.86	22	24	0.16	0.18	0.67	0.35	0.54	0.25	0.76	0.48	0.047	0.07	0.13	0.192	0.06	0.21	1.6	3.45	10	14	[163, 131, 91, 49, 163, 173, 44]	[0.13, 0.23, 1.0, 0.25, 0.43, 0.96, 0.25]	[0.08, 0.24, 0.83, 0.77, 0.25, 0.72, 0.99]
sens_class	5	1	0.29	1.42	34.86	22	24	0.16	0.18	0.67	0.35	0.54	0.25	0.76	0.48	0.047	0.07	0.13	0.192	0.06	0.21	1.6	3.45	10	14	[93, 47, 91, 49, 163, 173, 44]	[0.13, 0.23, 1.0, 0.25, 0.43, 0.96, 0.25]	[0.08, 0.24, 0.83, 0.77, 0.25, 0.72, 0.99]
sens_class	5	1	0.29	1.42	34.86	22	24	0.16	0.18	0.67	0.35	0.54	0.25	0.76	0.48	0.047	0.07	0.13	0.192	0.06	0.21	1.6	3.45	10	14	[93, 47, 91, 49, 163, 173, 44]	[0.13, 0.23, 1.0, 0.25, 0.43, 0.96, 0.25]	[0.08, 0.24, 0.83, 0.77, 0.25, 0.72, 0.99]
sens_class	5	1	0.29	1.42	34.86	22	24	0.16	0.18	0.67	0.35	0.54	0.25	0.76	0.48	0.047	0.07	0.13	0.192	0.06	0.21	1.6	3.45	10	14	[93, 131, 37, 49, 163, 173, 44]	[0.13, 0.23, 1.0, 0.25, 0.43, 0.96, 0.25]	[0.08, 0.24, 0.83, 0.77, 0.25, 0.72, 0.99]
sens_class	5	1	0.29	1.42	34.86	22	24	0.16	0.18	0.67	0.35	0.54	0.25	0.76	0.48	0.047	0.07	0.13	0.192	0.06	0.21	1.6	3.45	10	14	[93, 131, 37, 49, 163, 173, 44]	[0.13, 0.23, 1.0, 0.25, 0.43, 0.96, 0.25]	[0.08, 0.24, 0.83, 0.77, 0.25, 0.72, 0.99]
sens_class	5	1	0.29	1.42	34.86	22	24	0.16	0.18	0.67	0.35	0.54	0.25	0.76	0.48	0.047	0.07	0.13	0.192	0.06	0.21	1.6	3.45	10	14	[93, 131, 91, 176, 163, 173, 44]	[0.13, 0.23, 1.0, 0.25, 0.43, 0.96, 0.25]	[0.08, 0.24, 0.83, 0.77, 0.25, 0.72, 0.99]
sens_class	5	1	0.29	1.42	34.86	22	24	0.16	0.18	0.67	0.35	0.54	0.25	0.76	0.48	0.047	0.07	0.13	0.192	0.06	0.21	1.6	3.45	10	14	[93, 131, 91, 176, 163, 173, 44]	[0.13, 0.23, 1.0, 0.25, 0.43, 0.96, 0.25]	[0.08, 0.24, 0.83, 0.77, 0.25, 0.72, 0.99]
sens_class	5	1	0.29	1.42	34.86	22	24	0.16	0.18	0.67	0.35	0.54	0.25	0.76	0.48	0.047	0.07	0.13	0.192	0.06	0.21	1.6	3.45	10	14	[93, 131, 91, 49, 83, 173, 44]	[0.13, 0.23, 1.0, 0.25, 0.43, 0.96, 0.25]	[0.08, 0.24, 0.83, 0.77, 0.25, 0.72, 0.99]
sens_class	5	1	0.29	1.42	34.86	22	24	0.16	0.18	0.67	0.35	0.54	0.25	0.76	0.48	0.047	0.07	0.13	0.192	0.06	0.21	1.6	3.45	10	14	[93, 131, 91, 49, 83, 173, 44]	[0.13, 0.23, 1.0, 0.25, 0.43, 0.96, 0.25]	[0.08, 0.24, 0.83, 0.77, 0.25, 0.72, 0.99]
sens_class	5	1	0.29	1.42	34.86	22	24	0.16	0.18	0.67	0.35	0.54	0.25	0.76	0.48	0.047	0.07	0.13	0.192	0.06	0.21	1.6	3.45	10	14	[93, 131, 91, 49, 163, 164, 44]	[0.13, 0.23, 1.0, 0.25, 0.43, 0.96, 0.25]	[0.08, 0.24, 0.83, 0.77, 0.25, 0.72, 0.99]
sens_class	5	1	0.29	1.42	34.86	22	24	0.16	0.18	0.67	0.35	0.54	0.25	0.76	0.48	0.047	0.07	0.13	0.192	0.06	0.21	1.6	3.45	10	14	[93, 131, 91, 49, 163, 164, 44]	[0.13, 0.23, 1.0, 0.25, 0.43, 0.96, 0.25]	[0.08, 0.24, 0.83, 0.77, 0.25, 0.72, 0.99]
sens_class	5	1	0.29	1.42	34.86	22	24	0.16	0.18	0.67	0.35	0.54	0.25	0.76	0.48	0.047	0.07	0.13	0.192	0.06	0.21	1.6	3.45	10	14	[93, 131, 91, 49, 163, 173, 66]	[0.13, 0.23, 1.0, 0.25, 0.43, 0.96, 0.25]	[0.08, 0.24, 0.83, 0.77, 0.25, 0.72, 0.99]
sens_class	5	1	0.29	1.42	34.86	22	24	0.16	0.18	0.67	0.35	0.54	0.25	0.76	0.48	0.047	0.07	0.13	0.192	0.06	0.21	1.6	3.45	10	14	[93, 131, 91, 49, 163, 173, 66]	[0.13, 0.23, 1.0, 0.25, 0.43, 0.96, 0.25]	[0.08, 0.24, 0.83, 0.77, 0.25, 0.72, 0.99]
sens_class	5	1	0.29	1.42	34.86	22	24	0.16	0.18	0.67	0.35	0.54	0.25	0.76	0.48	0.047	0.07	0.13	0.192	0.06	0.21	1.6	3.45	10	14	[93, 131, 91, 49, 163, 173, 44]	[0.13, 0.23, 1.0, 0.25, 0.43, 0.96, 0.25]	[0.08, 0.24, 0.83, 0.77, 0.25, 0.72, 0.99]
sens_class	5	1	0.29	1.42	34.86	22	24	0.16	0.18	0.67	0.35	0.54	0.25	0.76	0.48	0.047	0.07	0.13	0.192	0.06	0.21	1.6	3.45	10	14	[93, 131, 91, 49, 163, 173, 44]	[0.13, 0.23, 1.0, 0.25, 0.43, 0.96, 0.25]	[0.08, 0.24, 0.83, 0.77, 0.25, 0.72, 0.99]
sens_class	5	1	0.29	1.42	34.86	22	24	0.16	0.18	0.67	0.35	0.54	0.25	0.76	0.48	0.047	0.07	0.13	0.192	0.06	0.21	1.6	3.45	10	7	[93, 131, 91, 49, 163, 173, 44]	[0.13, 0.23, 1.0, 0.25, 0.43, 0.96, 0.25]	[0.08, 0.24, 0.83, 0.77, 0.25, 0.72, 0.99]
sens_class	5	1	0.29	1.42	34.86	22	24	0.16	0.18	0.67	0.35	0.54	0.25	0.76	0.48	0.047	0.07	0.13	0.192	0.06	0.21	1.6	3.45	10	7	[93, 131, 91, 49, 163, 173, 44]	[0.13, 0.23, 1.0, 0.25, 0.43, 0.96, 0.25]	[0.08, 0.24, 0.83, 0.77, 0.25, 0.72, 0.99]
sens_class	5	1	0.29	1.42	34.86	22	24	0.16	0.18	0.67	0.35	0.54	0.25	0.76	0.48	0.047	0.07	0.13	0.192	0.06	0.21	1.6	3.45	10	14	[93, 131, 91, 49, 163, 173, 44]	[0.65, 0.23, 1.0, 0.25, 0.43, 0.96, 0.25]	[0.08, 0.24, 0.83, 0.77, 0.25, 0.72, 0.99]
sens_class	5	1	0.29	1.42	34.86	22	24	0.16	0.18	0.67	0.35	0.54	0.25	0.76	0.48	0.047	0.07	0.13	0.192	0.06	0.21	1.6	3.45	10	14	[93, 131, 91, 49, 163, 173, 44]	[0.65, 0.23, 1.0, 0.25, 0.43, 0.96, 0.25]	[0.08, 0.24, 0.83, 0.77, 0.25, 0.72, 0.99]
sens_class	5	1	0.29	1.42	34.86	22	24	0.16	0.18	0.67	0.35	0.54	0.25	0.76	0.48	0.047	0.07	0.13	0.192	0.06	0.21	1.6	3.45	10	14	[93, 131, 91, 49, 163, 173, 44]	[0.13, 0.19, 1.0, 0.25, 0.43, 0.96, 0.25]	[0.08, 0.24, 0.83, 0.77, 0.25, 0.72, 0.99]
sens_class	5	1	0.29	1.42	34.86	22	24	0.16	0.18	0.67	0.35	0.54	0.25	0.76	0.48	0.047	0.07	0.13	0.192	0.06	0.21	1.6	3.45	10	14	[93, 131, 91, 49, 163, 173, 44]	[0.13, 0.19, 1.0, 0.25, 0.43, 0.96, 0.25]	[0.08, 0.24, 0.83, 0.77, 0.25, 0.72, 0.99]
sens_class	5	1	0.29	1.42	34.86	22	24	0.16	0.18	0.67	0.35	0.54	0.25	0.76	0.48	0.047	0.07	0.13	0.192	0.06	0.21	1.6	3.45	10	14	[93, 131, 91, 49, 163, 173, 44]	[0.13, 0.23, 0.17, 0.25, 0.43, 0.96, 0.25]	[0.08, 0.24, 0.83, 0.77, 0.25, 0.72, 0.99]
sens_class	5	1	0.29	1.42	34.86	22	24	0.16	0.18	0.67	0.35	0.54	0.25	0.76	0.48	0.047	0.07	0.13	0.192	0.06	0.21	1.6	3.45	10	14	[93, 131, 91, 49, 163, 173, 44]	[0.13, 0.23, 0.17, 0.25, 0.43, 0.96, 0.25]	[0.08, 0.24, 0.83, 0.77, 0.25, 0.72, 0.99]
sens_class	5	1	0.29	1.42	34.86	22	24	0.16	0.18	0.67	0.35	0.54	0.25	0.76	0.48	0.047	0.07	0.13	0.192	0.06	0.21	1.6	3.45	10	14	[93, 131, 91, 49, 163, 173, 44]	[0.13, 0.23, 1.0, 0.62, 0.43, 0.96, 0.25]	[0.08, 0.24, 0.83, 0.77, 0.25, 0.72, 0.99]
sens_class	5	1	0.29	1.42	34.86	22	24	0.16	0.18	0.67	0.35	0.54	0.25	0.76	0.48	0.047	0.07	0.13	0.192	0.06	0.21	1.6	3.45	10	14	[93, 131, 91, 49, 163, 173, 44]	[0.13, 0.23, 1.0, 0.62, 0.43, 0.96, 0.25]	[0.08, 0.24, 0.83, 0.77, 0.25, 0.72, 0.99]
sens_class	5	1	0.29	1.42	34.86	22	24	0.16	0.18	0.67	0.35	0.54	0.25	0.76	0.48	0.047	0.07	0.13	0.192	0.06	0.21	1.6	3.45	10	14	[93, 131, 91, 49, 163, 173, 44]	[0.13, 0.23, 1.0, 0.25, 0.65, 0.96, 0.25]	[0.08, 0.24, 0.83, 0.77, 0.25, 0.72, 0.99]
sens_class	5	1	0.29	1.42	34.86	22	24	0.16	0.18	0.67	0.35	0.54	0.25	0.76	0.48	0.047	0.07	0.13	0.192	0.06	0.21	1.6	3.45	10	14	[93, 131, 91, 49, 163, 173, 44]	[0.13, 0.23, 1.0, 0.25, 0.65, 0.96, 0.25]	[0.08, 0.24, 0.83, 0.77, 0.25, 0.72, 0.99]
sens_class	5	1	0.29	1.42	34.86	22	24	0.16	0.18	0.67	0.35	0.54	0.25	0.76	0.48	0.047	0.07	0.13	0.192	0.06	0.21	1.6	3.45	10	14	[93, 131, 91, 49, 163, 173, 44]	[0.13, 0.23, 1.0, 0.25, 0.43, 0.01, 0.25]	[0.08, 0.24, 0.83, 0.77, 0.25, 0.72, 0.99]
sens_class	5	1	0.29	1.42	34.86	22	24	0.16	0.18	0.67	0.35	0.54	0.25	0.76	0.48	0.047	0.07	0.13	0.192	0.06	0.21	1.6	3.45	10	14	[93, 131, 91, 49, 163, 173, 44]	[0.13, 0.23, 1.0, 0.25, 0.43, 0.01, 0.25]	[0.08, 0.24, 0.83, 0.77, 0.25, 0.72, 0.99]
sens_class	5	1	0.29	1.42	34.86	22	24	0.16	0.18	0.67	0.35	0.54	0.25	0.76	0.48	0.047	0.07	0.13	0.192	0.06	0.21	1.6	3.45	10	14	[93, 131, 91, 49, 163, 173, 44]	[0.13, 0.23, 1.0, 0.25, 0.43, 0.96, 0.07]	[0.08, 0.24, 0.83, 0.77, 0.25, 0.72, 0.99]
sens_class	5	1	0.29	1.42	34.86	22	24	0.16	0.18	0.67	0.35	0.54	0.25	0.76	0.48	0.047	0.07	0.13	0.192	0.06	0.21	1.6	3.45	10	14	[93, 131, 91, 49, 163, 173, 44]	[0.13, 0.23, 1.0, 0.25, 0.43, 0.96, 0.07]	[0.08, 0.24, 0.83, 0.77, 0.25, 0.72, 0.99]
sens_class	5	1	0.29	1.42	34.86	22	24	0.16	0.18	0.67	0.35	0.54	0.25	0.76	0.48	0.047	0.07	0.13	0.192	0.06	0.21	1.6	3.45	10	14	[93, 131, 91, 49, 163, 173, 44]	[0.13, 0.23, 1.0, 0.25, 0.43, 0.96, 0.25]	[0.03, 0.24, 0.83, 0.77, 0.25, 0.72, 0.99]
sens_class	5	1	0.29	1.42	34.86	22	24	0.16	0.18	0.67	0.35	0.54	0.25	0.76	0.48	0.047	0.07	0.13	0.192	0.06	0.21	1.6	3.45	10	14	[93, 131, 91, 49, 163, 173, 44]	[0.13, 0.23, 1.0, 0.25, 0.43, 0.96, 0.25]	[0.03, 0.24, 0.83, 0.77, 0.25, 0.72, 0.99]
sens_class	5	1	0.29	1.42	34.86	22	24	0.16	0.18	0.67	0.35	0.54	0.25	0.76	0.48	0.047	0.07	0.13	0.192	0.06	0.21	1.6	3.45	10	14	[93, 131, 91, 49, 163, 173, 44]	[0.13, 0.23, 1.0, 0.25, 0.43, 0.96, 0.25]	[0.08, 0.68, 0.83, 0.77, 0.25, 0.72, 0.99]
sens_class	5	1	0.29	1.42	34.86	22	24	0.16	0.18	0.67	0.35	0.54	0.25	0.76	0.48	0.047	0.07	0.13	0.192	0.06	0.21	1.6	3.45	10	14	[93, 131, 91, 49, 163, 173, 44]	[0.13, 0.23, 1.0, 0.25, 0.43, 0.96, 0.25]	[0.08, 0.68, 0.83, 0.77, 0.25, 0.72, 0.99]
sens_class	5	1	0.29	1.42	34.86	22	24	0.16	0.18	0.67	0.35	0.54	0.25	0.76	0.48	0.047	0.07	0.13	0.192	0.06	0.21	1.6	3.45	10	14	[93, 131, 91, 49, 163, 173, 44]	[0.13, 0.23, 1.0, 0.25, 0.43, 0.96, 0.25]	[0.08, 0.24, 0.83, 0.77, 0.25, 0.72, 0.99]
sens_class	5	1	0.29	1.42	34.86	22	24	0.16	0.18	0.67	0.35	0.54	0.25	0.76	0.48	0.047	0.07	0.13	0.192	0.06	0.21	1.6	3.45	10	14	[93, 131, 91, 49, 163, 173, 44]	[0.13, 0.23, 1.0, 0.25, 0.43, 0.96, 0.25]	[0.08, 0.24, 0.83, 0.77, 0.25, 0.72, 0.99]
sens_class	5	1	0.29	1.42	34.86	22	24	0.16	0.18	0.67	0.35	0.54	0.25	0.76	0.48	0.047	0.07	0.13	0.192	0.06	0.21	1.6	3.45	10	14	[93, 131, 91, 49, 163, 173, 44]	[0.13, 0.23, 1.0, 0.25, 0.43, 0.96, 0.25]	[0.08, 0.24, 0.83, 0.43, 0.25, 0.72, 0.99]
sens_class	5	1	0.29	1.42	34.86	22	24	0.16	0.18	0.67	0.35	0.54	0.25	0.76	0.48	0.047	0.07	0.13	0.192	0.06	0.21	1.6	3.45	10	14	[93, 131, 91, 49, 163, 173, 44]	[0.13, 0.23, 1.0, 0.25, 0.43, 0.96, 0.25]	[0.08, 0.24, 0.83, 0.43, 0.25, 0.72, 0.99]
sens_class	5	1	0.29	1.42	34.86	22	24	0.16	0.18	0.67	0.35	0.54	0.25	0.76	0.48	0.047	0.07	0.13	0.192	0.06	0.21	1.6	3.45	10	14	[93, 131, 91, 49, 163, 173, 44]	[0.13, 0.23, 1.0, 0.25, 0.43, 0.96, 0.25]	[0.08, 0.24, 0.83, 0.77, 0.75, 0.72, 0.99]
sens_class	5	1	0.29	1.42	34.86	22	24	0.16	0.18	0.67	0.35	0.54	0.25	0.76	0.48	0.047	0.07	0.13	0.192	0.06	0.21	1.6	3.45	10	14	[93, 131, 91, 49, 163, 173, 44]	[0.13, 0.23, 1.0, 0.25, 0.43, 0.96, 0.25]	[0.08, 0.24, 0.83, 0.77, 0.75, 0.72, 0.99]
sens_class	5	1	0.29	1.42	34.86	22	24	0.16	0.18	0.67	0.35	0.54	0.25	0.76	0.48	0.047	0.07	0.13	0.192	0.06	0.21	1.6	3.45	10	14	[93, 131, 91, 49, 163, 173, 44]	[0.13, 0.23, 1.0, 0.25, 0.43, 0.96, 0.25]	[0.08, 0.24, 0.83, 0.77, 0.25, 0.98, 0.99]
sens_class	5	1	0.29	1.42	34.86	22	24	0.16	0.18	0.67	0.35	0.54	0.25	0.76	0.48	0.047	0.07	0.13	0.192	0.06	0.21	1.6	3.45	10	14	[93, 131, 91, 49, 163, 173, 44]	[0.13, 0.23, 1.0, 0.25, 0.43, 0.96, 0.25]	[0.08, 0.24, 0.83, 0.77, 0.25, 0.98, 0.99]
sens_class	5	1	0.29	1.42	34.86	22	24	0.16	0.18	0.67	0.35	0.54	0.25	0.76	0.48	0.047	0.07	0.13	0.192	0.06	0.21	1.6	3.45	10	14	[93, 131, 91, 49, 163, 173, 44]	[0.13, 0.23, 1.0, 0.25, 0.43, 0.96, 0.25]	[0.08, 0.24, 0.83, 0.77, 0.25, 0.72, 0.31]
sens_class	5	1	0.29	1.42	34.86	22	24	0.16	0.18	0.67	0.35	0.54	0.25	0.76	0.48	0.047	0.07	0.13	0.192	0.06	0.21	1.6	3.45	10	14	[93, 131, 91, 49, 163, 173, 44]	[0.13, 0.23, 1.0, 0.25, 0.43, 0.96, 0.25]	[0.08, 0.24, 0.83, 0.77, 0.25, 0.72, 0.31]
sens_class	5	2	0.48	0.89	13.86	17	40	0.49	0.59	0.99	0.92	0.44	0.32	0.18	0.48	0.024	0.07	0.36	0.203	0.01	0.01	2.46	4.01	10	7	[163, 47, 37, 176, 83, 164, 66]	[0.65, 0.19, 0.17, 0.62, 0.65, 0.01, 0.07]	[0.03, 0.68, 0.83, 0.43, 0.75, 0.98, 0.31]
sens_class	5	2	0.48	0.89	13.86	17	40	0.49	0.59	0.99	0.92	0.44	0.32	0.18	0.48	0.024	0.07	0.36	0.203	0.01	0.01	2.46	4.01	10	7	[163, 47, 37, 176, 83, 164, 66]	[0.65, 0.19, 0.17, 0.62, 0.65, 0.01, 0.07]	[0.03, 0.68, 0.83, 0.43, 0.75, 0.98, 0.31]
sens_class	1	2	0.83	0.76	63.12	18	28	0.98	0.81	0.26	0.73	0.25	0.94	0.01	0.82	0.148	0.4	0.32	0.34	0.24	0.14	2.94	2.69	8	14	[132, 68, 119, 146, 37, 69, 122]	[0.9, 0.77, 0.06, 0.65, 0.52, 0.28, 0.97]	[0.51, 0.91, 0.28, 0.05, 0.51, 0.41, 0.32]
sens_class	1	2	0.83	0.76	63.12	18	28	0.98	0.81	0.26	0.73	0.25	0.94	0.01	0.82	0.148	0.4	0.32	0.34	0.24	0.14	2.94	2.69	8	14	[132, 68, 119, 146, 37, 69, 122]	[0.9, 0.77, 0.06, 0.65, 0.52, 0.28, 0.97]	[0.51, 0.91, 0.28, 0.05, 0.51, 0.41, 0.32]
sens_class	1	2	0.83	0.76	63.12	18	28	0.98	0.81	0.26	0.73	0.25	0.94	0.01	0.82	0.148	0.4	0.32	0.34	0.24	0.14	2.94	2.69	8	14	[132, 68, 119, 146, 37, 69, 122]	[0.9, 0.77, 0.06, 0.65, 0.52, 0.28, 0.97]	[0.51, 0.91, 0.28, 0.05, 0.51, 0.41, 0.32]
sens_class	1	2	0.83	0.76	63.12	18	28	0.98	0.81	0.26	0.73	0.25	0.94	0.01	0.82	0.148	0.4	0.32	0.34	0.24	0.14	2.94	2.69	8	14	[132, 68, 119, 146, 37, 69, 122]	[0.9, 0.77, 0.06, 0.65, 0.52, 0.28, 0.97]	[0.51, 0.91, 0.28, 0.05, 0.51, 0.41, 0.32]
sens_class	1	1	0.83	0.76	63.12	18	28	0.98	0.81	0.26	0.73	0.25	0.94	0.01	0.82	0.148	0.4	0.32	0.34	0.24	0.14	2.94	2.69	8	14	[132, 68, 119, 146, 37, 69, 122]	[0.9, 0.77, 0.06, 0.65, 0.52, 0.28, 0.97]	[0.51, 0.91, 0.28, 0.05, 0.51, 0.41, 0.32]
sens_class	1	1	0.83	0.76	63.12	18	28	0.98	0.81	0.26	0.73	0.25	0.94	0.01	0.82	0.148	0.4	0.32	0.34	0.24	0.14	2.94	2.69	8	14	[132, 68, 119, 146, 37, 69, 122]	[0.9, 0.77, 0.06, 0.65, 0.52, 0.28, 0.97]	[0.51, 0.91, 0.28, 0.05, 0.51, 0.41, 0.32]
sens_class	1	2	0.89	0.76	63.12	18	28	0.98	0.81	0.26	0.73	0.25	0.94	0.01	0.82	0.148	0.4	0.32	0.34	0.24	0.14	2.94	2.69	8	14	[132, 68, 119, 146, 37, 69, 122]	[0.9, 0.77, 0.06, 0.65, 0.52, 0.28, 0.97]	[0.51, 0.91, 0.28, 0.05, 0.51, 0.41, 0.32]
sens_class	1	2	0.89	0.76	63.12	18	28	0.98	0.81	0.26	0.73	0.25	0.94	0.01	0.82	0.148	0.4	0.32	0.34	0.24	0.14	2.94	2.69	8	14	[132, 68, 119, 146, 37, 69, 122]	[0.9, 0.77, 0.06, 0.65, 0.52, 0.28, 0.97]	[0.51, 0.91, 0.28, 0.05, 0.51, 0.41, 0.32]
sens_class	1	2	0.83	0.49	63.12	18	28	0.98	0.81	0.26	0.73	0.25	0.94	0.01	0.82	0.148	0.4	0.32	0.34	0.24	0.14	2.94	2.69	8	14	[132, 68, 119, 146, 37, 69, 122]	[0.9, 0.77, 0.06, 0.65, 0.52, 0.28, 0.97]	[0.51, 0.91, 0.28, 0.05, 0.51, 0.41, 0.32]
sens_class	1	2	0.83	0.49	63.12	18	28	0.98	0.81	0.26	0.73	0.25	0.94	0.01	0.82	0.148	0.4	0.32	0.34	0.24	0.14	2.94	2.69	8	14	[132, 68, 119, 146, 37, 69, 122]	[0.9, 0.77, 0.06, 0.65, 0.52, 0.28, 0.97]	[0.51, 0.91, 0.28, 0.05, 0.51, 0.41, 0.32]
sens_class	1	2	0.83	0.76	76.61	18	28	0.98	0.81	0.26	0.73	0.25	0.94	0.01	0.82	0.148	0.4	0.32	0.34	0.24	0.14	2.94	2.69	8	14	[132, 68, 119, 146, 37, 69, 122]	[0.9, 0.77, 0.06, 0.65, 0.52, 0.28, 0.97]	[0.51, 0.91, 0.28, 0.05, 0.51, 0.41, 0.32]
sens_class	1	2	0.83	0.76	76.61	18	28	0.98	0.81	0.26	0.73	0.25	0.94	0.01	0.82	0.148	0.4	0.32	0.34	0.24	0.14	2.94	2.69	8	14	[132, 68, 119, 146, 37, 69, 122]	[0.9, 0.77, 0.06, 0.65, 0.52, 0.28, 0.97]	[0.51, 0.91, 0.28, 0.05, 0.51, 0.41, 0.32]
sens_class	1	2	0.83	0.76	63.12	23	28	0.98	0.81	0.26	0.73	0.25	0.94	0.01	0.82	0.148	0.4	0.32	0.34	0.24	0.14	2.94	2.69	8	14	[132, 68, 119, 146, 37, 69, 122]	[0.9, 0.77, 0.06, 0.65, 0.52, 0.28, 0.97]	[0.51, 0.91, 0.28, 0.05, 0.51, 0.41, 0.32]
sens_class	1	2	0.83	0.76	63.12	23	28	0.98	0.81	0.26	0.73	0.25	0.94	0.01	0.82	0.148	0.4	0.32	0.34	0.24	0.14	2.94	2.69	8	14	[132, 68, 119, 146, 37, 69, 122]	[0.9, 0.77, 0.06, 0.65, 0.52, 0.28, 0.97]	[0.51, 0.91, 0.28, 0.05, 0.51, 0.41, 0.32]
sens_class	1	2	0.83	0.76	63.12	18	10	0.98	0.81	0.26	0.73	0.25	0.94	0.01	0.82	0.148	0.4	0.32	0.34	0.24	0.14	2.94	2.69	8	14	[132, 68, 119, 146, 37, 69, 122]	[0.9, 0.77, 0.06, 0.65, 0.52, 0.28, 0.97]	[0.51, 0.91, 0.28, 0.05, 0.51, 0.41, 0.32]
sens_class	1	2	0.83	0.76	63.12	18	10	0.98	0.81	0.26	0.73	0.25	0.94	0.01	0.82	0.148	0.4	0.32	0.34	0.24	0.14	2.94	2.69	8	14	[132, 68, 119, 146, 37, 69, 122]	[0.9, 0.77, 0.06, 0.65, 0.52, 0.28, 0.97]	[0.51, 0.91, 0.28, 0.05, 0.51, 0.41, 0.32]
sens_class	1	2	0.83	0.76	63.12	18	28	0.92	0.81	0.26	0.73	0.25	0.94	0.01	0.82	0.148	0.4	0.32	0.34	0.24	0.14	2.94	2.69	8	14	[132, 68, 119, 146, 37, 69, 122]	[0.9, 0.77, 0.06, 0.65, 0.52, 0.28, 0.97]	[0.51, 0.91, 0.28, 0.05, 0.51, 0.41, 0.32]
sens_class	1	2	0.83	0.76	63.12	18	28	0.92	0.81	0.26	0.73	0.25	0.94	0.01	0.82	0.148	0.4	0.32	0.34	0.24	0.14	2.94	2.69	8	14	[132, 68, 119, 146, 37, 69, 122]	[0.9, 0.77, 0.06, 0.65, 0.52, 0.28, 0.97]	[0.51, 0.91, 0.28, 0.05, 0.51, 0.41, 0.32]
sens_class	1	2	0.83	0.76	63.12	18	28	0.98	0.02	0.26	0.73	0.25	0.94	0.01	0.82	0.148	0.4	0.32	0.34	0.24	0.14	2.94	2.69	8	14	[132, 68, 119, 146, 37, 69, 122]	[0.9, 0.77, 0.06, 0.65, 0.52, 0.28, 0.97]	[0.51, 0.91, 0.28, 0.05, 0.51, 0.41, 0.32]
sens_class	1	2	0.83	0.76	63.12	18	28	0.98	0.02	0.26	0.73	0.25	0.94	0.01	0.82	0.148	0.4	0.32	0.34	0.24	0.14	2.94	2.69	8	14	[132, 68, 119, 146, 37, 69, 122]	[0.9, 0.77, 0.06, 0.65, 0.52, 0.28, 0.97]	[0.51, 0.91, 0.28, 0.05, 0.51, 0.41, 0.32]
sens_class	1	2	0.83	0.76	63.12	18	28	0.98	0.81	0.27	0.73	0.25	0.94	0.01	0.82	0.148	0.4	0.32	0.34	0.24	0.14	2.94	2.69	8	14	[132, 68, 119, 146, 37, 69, 122]	[0.9, 0.77, 0.06, 0.65, 0.52, 0.28, 0.97]	[0.51, 0.91, 0.28, 0.05, 0.51, 0.41, 0.32]
sens_class	1	2	0.83	0.76	63.12	18	28	0.98	0.81	0.27	0.73	0.25	0.94	0.01	0.82	0.148	0.4	0.32	0.34	0.24	0.14	2.94	2.69	8	14	[132, 68, 119, 146, 37, 69, 122]	[0.9, 0.77, 0.06, 0.65, 0.52, 0.28, 0.97]	[0.51, 0.91, 0.28, 0.05, 0.51, 0.41, 0.32]
sens_class	1	2	0.83	0.76	63.12	18	28	0.98	0.81	0.26	0.33	0.25	0.94	0.01	0.82	0.148	0.4	0.32	0.34	0.24	0.14	2.94	2.69	8	14	[132, 68, 119, 146, 37, 69, 122]	[0.9, 0.77, 0.06, 0.65, 0.52, 0.28, 0.97]	[0.51, 0.91, 0.28, 0.05, 0.51, 0.41, 0.32]
sens_class	1	2	0.83	0.76	63.12	18	28	0.98	0.81	0.26	0.33	0.25	0.94	0.01	0.82	0.148	0.4	0.32	0.34	0.24	0.14	2.94	2.69	8	14	[132, 68, 119, 146, 37, 69, 122]	[0.9, 0.77, 0.06, 0.65, 0.52, 0.28, 0.97]	[0.51, 0.91, 0.28, 0.05, 0.51, 0.41, 0.32]
sens_class	1	2	0.83	0.76	63.12	18	28	0.98	0.81	0.26	0.73	0.94	0.94	0.01	0.82	0.148	0.4	0.32	0.34	0.24	0.14	2.94	2.69	8	14	[132, 68, 119, 146, 37, 69, 122]	[0.9, 0.77, 0.06, 0.65, 0.52, 0.28, 0.97]	[0.51, 0.91, 0.28, 0.05, 0.51, 0.41, 0.32]
sens_class	1	2	0.83	0.76	63.12	18	28	0.98	0.81	0.26	0.73	0.94	0.94	0.01	0.82	0.148	0.4	0.32	0.34	0.24	0.14	2.94	2.69	8	14	[132, 68, 119, 146, 37, 69, 122]	[0.9, 0.77, 0.06, 0.65, 0.52, 0.28, 0.97]	[0.51, 0.91, 0.28, 0.05, 0.51, 0.41, 0.32]
sens_class	1	2	0.83	0.76	63.12	18	28	0.98	0.81	0.26	0.73	0.25	0.62	0.01	0.82	0.148	0.4	0.32	0.34	0.24	0.14	2.94	2.69	8	14	[132, 68, 119, 146, 37, 69, 122]	[0.9, 0.77, 0.06, 0.65, 0.52, 0.28, 0.97]	[0.51, 0.91, 0.28, 0.05, 0.51, 0.41, 0.32]
sens_class	1	2	0.83	0.76	63.12	18	28	0.98	0.81	0.26	0.73	0.25	0.62	0.01	0.82	0.148	0.4	0.32	0.34	0.24	0.14	2.94	2.69	8	14	[132, 68, 119, 146, 37, 69, 122]	[0.9, 0.77, 0.06, 0.65, 0.52, 0.28, 0.97]	[0.51, 0.91, 0.28, 0.05, 0.51, 0.41, 0.32]
sens_class	1	2	0.83	0.76	63.12	18	28	0.98	0.81	0.26	0.73	0.25	0.94	0.63	0.82	0.148	0.4	0.32	0.34	0.24	0.14	2.94	2.69	8	14	[132, 68, 119, 146, 37, 69, 122]	[0.9, 0.77, 0.06, 0.65, 0.52, 0.28, 0.97]	[0.51, 0.91, 0.28, 0.05, 0.51, 0.41, 0.32]
sens_class	1	2	0.83	0.76	63.12	18	28	0.98	0.81	0.26	0.73	0.25	0.94	0.63	0.82	0.148	0.4	0.32	0.34	0.24	0.14	2.94	2.69	8	14	[132, 68, 119, 146, 37, 69, 122]	[0.9, 0.77, 0.06, 0.65, 0.52, 0.28, 0.97]	[0.51, 0.91, 0.28, 0.05, 0.51, 0.41, 0.32]
sens_class	1	2	0.83	0.76	63.12	18	28	0.98	0.81	0.26	0.73	0.25	0.94	0.01	0.61	0.148	0.4	0.32	0.34	0.24	0.14	2.94	2.69	8	14	[132, 68, 119, 146, 37, 69, 122]	[0.9, 0.77, 0.06, 0.65, 0.52, 0.28, 0.97]	[0.51, 0.91, 0.28, 0.05, 0.51, 0.41, 0.32]
sens_class	1	2	0.83	0.76	63.12	18	28	0.98	0.81	0.26	0.73	0.25	0.94	0.01	0.61	0.148	0.4	0.32	0.34	0.24	0.14	2.94	2.69	8	14	[132, 68, 119, 146, 37, 69, 122]	[0.9, 0.77, 0.06, 0.65, 0.52, 0.28, 0.97]	[0.51, 0.91, 0.28, 0.05, 0.51, 0.41, 0.32]
sens_class	1	2	0.83	0.76	63.12	18	28	0.98	0.81	0.26	0.73	0.25	0.94	0.01	0.82	0.093	0.4	0.32	0.34	0.24	0.14	2.94	2.69	8	14	[132, 68, 119, 146, 37, 69, 122]	[0.9, 0.77, 0.06, 0.65, 0.52, 0.28, 0.97]	[0.51, 0.91, 0.28, 0.05, 0.51, 0.41, 0.32]
sens_class	1	2	0.83	0.76	63.12	18	28	0.98	0.81	0.26	0.73	0.25	0.94	0.01	0.82	0.093	0.4	0.32	0.34	0.24	0.14	2.94	2.69	8	14	[132, 68, 119, 146, 37, 69, 122]	[0.9, 0.77, 0.06, 0.65, 0.52, 0.28, 0.97]	[0.51, 0.91, 0.28, 0.05, 0.51, 0.41, 0.32]
sens_class	1	2	0.83	0.76	63.12	18	28	0.98	0.81	0.26	0.73	0.25	0.94	0.01	0.82	0.148	0.34	0.32	0.34	0.24	0.14	2.94	2.69	8	14	[132, 68, 119, 146, 37, 69, 122]	[0.9, 0.77, 0.06, 0.65, 0.52, 0.28, 0.97]	[0.51, 0.91, 0.28, 0.05, 0.51, 0.41, 0.32]
sens_class	1	2	0.83	0.76	63.12	18	28	0.98	0.81	0.26	0.73	0.25	0.94	0.01	0.82	0.148	0.34	0.32	0.34	0.24	0.14	2.94	2.69	8	14	[132, 68, 119, 146, 37, 69, 122]	[0.9, 0.77, 0.06, 0.65, 0.52, 0.28, 0.97]	[0.51, 0.91, 0.28, 0.05, 0.51, 0.41, 0.32]
sens_class	1	2	0.83	0.76	63.12	18	28	0.98	0.81	0.26	0.73	0.25	0.94	0.01	0.82	0.148	0.4	0.14	0.34	0.24	0.14	2.94	2.69	8	14	[132, 68, 119, 146, 37, 69, 122]	[0.9, 0.77, 0.06, 0.65, 0.52, 0.28, 0.97]	[0.51, 0.91, 0.28, 0.05, 0.51, 0.41, 0.32]
sens_class	1	2	0.83	0.76	63.12	18	28	0.98	0.81	0.26	0.73	0.25	0.94	0.01	0.82	0.148	0.4	0.14	0.34	0.24	0.14	2.94	2.69	8	14	[132, 68, 119, 146, 37, 69, 122]	[0.9, 0.77, 0.06, 0.65, 0.52, 0.28, 0.97]	[0.51, 0.91, 0.28, 0.05, 0.51, 0.41, 0.32]
sens_class	1	2	0.83	0.76	63.12	18	28	0.98	0.81	0.26	0.73	0.25	0.94	0.01	0.82	0.148	0.4	0.32	0.414	0.24	0.14	2.94	2.69	8	14	[132, 68, 119, 146, 37, 69, 122]	[0.9, 0.77, 0.06, 0.65, 0.52, 0.28, 0.97]	[0.51, 0.91, 0.28, 0.05, 0.51, 0.41, 0.32]
sens_class	1	2	0.83	0.76	63.12	18	28	0.98	0.81	0.26	0.73	0.25	0.94	0.01	0.82	0.148	0.4	0.32	0.414	0.24	0.14	2.94	2.69	8	14	[132, 68, 119, 146, 37, 69, 122]	[0.9, 0.77, 0.06, 0.65, 0.52, 0.28, 0.97]	[0.51, 0.91, 0.28, 0.05, 0.51, 0.41, 0.32]
sens_class	1	2	0.83	0.76	63.12	18	28	0.98	0.81	0.26	0.73	0.25	0.94	0.01	0.82	0.148	0.4	0.32	0.34	0.24	0.14	2.94	2.69	8	14	[132, 68, 119, 146, 37, 69, 122]	[0.9, 0.77, 0.06, 0.65, 0.52, 0.28, 0.97]	[0.51, 0.91, 0.28, 0.05, 0.51, 0.41, 0.32]
sens_class	1	2	0.83	0.76	63.12	18	28	0.98	0.81	0.26	0.73	0.25	0.94	0.01	0.82	0.148	0.4	0.32	0.34	0.24	0.14	2.94	2.69	8	14	[132, 68, 119, 146, 37, 69, 122]	[0.9, 0.77, 0.06, 0.65, 0.52, 0.28, 0.97]	[0.51, 0.91, 0.28, 0.05, 0.51, 0.41, 0.32]
sens_class	1	2	0.83	0.76	63.12	18	28	0.98	0.81	0.26	0.73	0.25	0.94	0.01	0.82	0.148	0.4	0.32	0.34	0.24	0.31	2.94	2.69	8	14	[132, 68, 119, 146, 37, 69, 122]	[0.9, 0.77, 0.06, 0.65, 0.52, 0.28, 0.97]	[0.51, 0.91, 0.28, 0.05, 0.51, 0.41, 0.32]
sens_class	1	2	0.83	0.76	63.12	18	28	0.98	0.81	0.26	0.73	0.25	0.94	0.01	0.82	0.148	0.4	0.32	0.34	0.24	0.31	2.94	2.69	8	14	[132, 68, 119, 146, 37, 69, 122]	[0.9, 0.77, 0.06, 0.65, 0.52, 0.28, 0.97]	[0.51, 0.91, 0.28, 0.05, 0.51, 0.41, 0.32]
sens_class	1	2	0.83	0.76	63.12	18	28	0.98	0.81	0.26	0.73	0.25	0.94	0.01	0.82	0.148	0.4	0.32	0.34	0.24	0.14	1.79	2.69	8	14	[132, 68, 119, 146, 37, 69, 122]	[0.9, 0.77, 0.06, 0.65, 0.52, 0.28, 0.97]	[0.51, 0.91, 0.28, 0.05, 0.51, 0.41, 0.32]
sens_class	1	2	0.83	0.76	63.12	18	28	0.98	0.81	0.26	0.73	0.25	0.94	0.01	0.82	0.148	0.4	0.32	0.34	0.24	0.14	1.79	2.69	8	14	[132, 68, 119, 146, 37, 69, 122]	[0.9, 0.77, 0.06, 0.65, 0.52, 0.28, 0.97]	[0.51, 0.91, 0.28, 0.05, 0.51, 0.41, 0.32]
sens_class	1	2	0.83	0.76	63.12	18	28	0.98	0.81	0.26	0.73	0.25	0.94	0.01	0.82	0.148	0.4	0.32	0.34	0.24	0.14	2.94	2.04	8	14	[132, 68, 119, 146, 37, 69, 122]	[0.9, 0.77, 0.06, 0.65, 0.52, 0.28, 0.97]	[0.51, 0.91, 0.28, 0.05, 0.51, 0.41, 0.32]
sens_class	1	2	0.83	0.76	63.12	18	28	0.98	0.81	0.26	0.73	0.25	0.94	0.01	0.82	0.148	0.4	0.32	0.34	0.24	0.14	2.94	2.04	8	14	[132, 68, 119, 146, 37, 69, 122]	[0.9, 0.77, 0.06, 0.65, 0.52, 0.28, 0.97]	[0.51, 0.91, 0.28, 0.05, 0.51, 0.41, 0.32]
sens_class	1	2	0.83	0.76	63.12	18	28	0.98	0.81	0.26	0.73	0.25	0.94	0.01	0.82	0.148	0.4	0.32	0.34	0.24	0.14	2.94	2.69	8	14	[51, 68, 119, 146, 37, 69, 122]	[0.9, 0.77, 0.06, 0.65, 0.52, 0.28, 0.97]	[0.51, 0.91, 0.28, 0.05, 0.51, 0.41, 0.32]
sens_class	1	2	0.83	0.76	63.12	18	28	0.98	0.81	0.26	0.73	0.25	0.94	0.01	0.82	0.148	0.4	0.32	0.34	0.24	0.14	2.94	2.69	8	14	[51, 68, 119, 146, 37, 69, 122]	[0.9, 0.77, 0.06, 0.65, 0.52, 0.28, 0.97]	[0.51, 0.91, 0.28, 0.05, 0.51, 0.41, 0.32]
sens_class	1	2	0.83	0.76	63.12	18	28	0.98	0.81	0.26	0.73	0.25	0.94	0.01	0.82	0.148	0.4	0.32	0.34	0.24	0.14	2.94	2.69	8	14	[132, 168, 119, 146, 37, 69, 122]	[0.9, 0.77, 0.06, 0.65, 0.52, 0.28, 0.97]	[0.51, 0.91, 0.28, 0.05, 0.51, 0.41, 0.32]
sens_class	1	2	0.83	0.76	63.12	18	28	0.98	0.81	0.26	0.73	0.25	0.94	0.01	0.82	0.148	0.4	0.32	0.34	0.24	0.14	2.94	2.69	8	14	[132, 168, 119, 146, 37, 69, 122]	[0.9, 0.77, 0.06, 0.65, 0.52, 0.28, 0.97]	[0.51, 0.91, 0.28, 0.05, 0.51, 0.41, 0.32]
sens_class	1	2	0.83	0.76	63.12	18	28	0.98	0.81	0.26	0.73	0.25	0.94	0.01	0.82	0.148	0.4	0.32	0.34	0.24	0.14	2.94	2.69	8	14	[132, 68, 148, 146, 37, 69, 122]	[0.9, 0.77, 0.06, 0.65, 0.52, 0.28, 0.97]	[0.51, 0.91, 0.28, 0.05, 0.51, 0.41, 0.32]
sens_class	1	2	0.83	0.76	63.12	18	28	0.98	0.81	0.26	0.73	0.25	0.94	0.01	0.82	0.148	0.4	0.32	0.34	0.24	0.14	2.94	2.69	8	14	[132, 68, 148, 146, 37, 69, 122]	[0.9, 0.77, 0.06, 0.65, 0.52, 0.28, 0.97]	[0.51, 0.91, 0.28, 0.05, 0.51, 0.41, 0.32]
sens_class	1	2	0.83	0.76	63.12	18	28	0.98	0.81	0.26	0.73	0.25	0.94	0.01	0.82	0.148	0.4	0.32	0.34	0.24	0.14	2.94	2.69	8	14	[132, 68, 119, 52, 37, 69, 122]	[0.9, 0.77, 0.06, 0.65, 0.52, 0.28, 0.97]	[0.51, 0.91, 0.28, 0.05, 0.51, 0.41, 0.32]
sens_class	1	2	0.83	0.76	63.12	18	28	0.98	0.81	0.26	0.73	0.25	0.94	0.01	0.82	0.148	0.4	0.32	0.34	0.24	0.14	2.94	2.69	8	14	[132, 68, 119, 52, 37, 69, 122]	[0.9, 0.77, 0.06, 0.65, 0.52, 0.28, 0.97]	[0.51, 0.91, 0.28, 0.05, 0.51, 0.41, 0.32]
sens_class	1	2	0.83	0.76	63.12	18	28	0.98	0.81	0.26	0.73	0.25	0.94	0.01	0.82	0.148	0.4	0.32	0.34	0.24	0.14	2.94	2.69	8	14	[132, 68, 119, 146, 177, 69, 122]	[0.9, 0.77, 0.06, 0.65, 0.52, 0.28, 0.97]	[0.51, 0.91, 0.28, 0.05, 0.51, 0.41, 0.32]
sens_class	1	2	0.83	0.76	63.12	18	28	0.98	0.81	0.26	0.73	0.25	0.94	0.01	0.82	0.148	0.4	0.32	0.34	0.24	0.14	2.94	2.69	8	14	[132, 68, 119, 146, 177, 69, 122]	[0.9, 0.77, 0.06, 0.65, 0.52, 0.28, 0.97]	[0.51, 0.91, 0.28, 0.05, 0.51, 0.41, 0.32]
sens_class	1	2	0.83	0.76	63.12	18	28	0.98	0.81	0.26	0.73	0.25	0.94	0.01	0.82	0.148	0.4	0.32	0.34	0.24	0.14	2.94	2.69	8	14	[132, 68, 119, 146, 37, 69, 122]	[0.9, 0.77, 0.06, 0.65, 0.52, 0.28, 0.97]	[0.51, 0.91, 0.28, 0.05, 0.51, 0.41, 0.32]
sens_class	1	2	0.83	0.76	63.12	18	28	0.98	0.81	0.26	0.73	0.25	0.94	0.01	0.82	0.148	0.4	0.32	0.34	0.24	0.14	2.94	2.69	8	14	[132, 68, 119, 146, 37, 69, 122]	[0.9, 0.77, 0.06, 0.65, 0.52, 0.28, 0.97]	[0.51, 0.91, 0.28, 0.05, 0.51, 0.41, 0.32]
sens_class	1	2	0.83	0.76	63.12	18	28	0.98	0.81	0.26	0.73	0.25	0.94	0.01	0.82	0.148	0.4	0.32	0.34	0.24	0.14	2.94	2.69	8	14	[132, 68, 119, 146, 37, 69, 127]	[0.9, 0.77, 0.06, 0.65, 0.52, 0.28, 0.97]	[0.51, 0.91, 0.28, 0.05, 0.51, 0.41, 0.32]
sens_class	1	2	0.83	0.76	63.12	18	28	0.98	0.81	0.26	0.73	0.25	0.94	0.01	0.82	0.148	0.4	0.32	0.34	0.24	0.14	2.94	2.69	8	14	[132, 68, 119, 146, 37, 69, 127]	[0.9, 0.77, 0.06, 0.65, 0.52, 0.28, 0.97]	[0.51, 0.91, 0.28, 0.05, 0.51, 0.41, 0.32]
sens_class	1	2	0.83	0.76	63.12	18	28	0.98	0.81	0.26	0.73	0.25	0.94	0.01	0.82	0.148	0.4	0.32	0.34	0.24	0.14	2.94	2.69	8	14	[132, 68, 119, 146, 37, 69, 122]	[0.9, 0.77, 0.06, 0.65, 0.52, 0.28, 0.97]	[0.51, 0.91, 0.28, 0.05, 0.51, 0.41, 0.32]
sens_class	1	2	0.83	0.76	63.12	18	28	0.98	0.81	0.26	0.73	0.25	0.94	0.01	0.82	0.148	0.4	0.32	0.34	0.24	0.14	2.94	2.69	8	14	[132, 68, 119, 146, 37, 69, 122]	[0.9, 0.77, 0.06, 0.65, 0.52, 0.28, 0.97]	[0.51, 0.91, 0.28, 0.05, 0.51, 0.41, 0.32]
sens_class	1	2	0.83	0.76	63.12	18	28	0.98	0.81	0.26	0.73	0.25	0.94	0.01	0.82	0.148	0.4	0.32	0.34	0.24	0.14	2.94	2.69	8	14	[132, 68, 119, 146, 37, 69, 122]	[0.9, 0.77, 0.06, 0.65, 0.52, 0.28, 0.97]	[0.51, 0.91, 0.28, 0.05, 0.51, 0.41, 0.32]
sens_class	1	2	0.83	0.76	63.12	18	28	0.98	0.81	0.26	0.73	0.25	0.94	0.01	0.82	0.148	0.4	0.32	0.34	0.24	0.14	2.94	2.69	8	14	[132, 68, 119, 146, 37, 69, 122]	[0.9, 0.77, 0.06, 0.65, 0.52, 0.28, 0.97]	[0.51, 0.91, 0.28, 0.05, 0.51, 0.41, 0.32]
sens_class	1	2	0.83	0.76	63.12	18	28	0.98	0.81	0.26	0.73	0.25	0.94	0.01	0.82	0.148	0.4	0.32	0.34	0.24	0.14	2.94	2.69	8	14	[132, 68, 119, 146, 37, 69, 122]	[0.09, 0.77, 0.06, 0.65, 0.52, 0.28, 0.97]	[0.51, 0.91, 0.28, 0.05, 0.51, 0.41, 0.32]
sens_class	1	2	0.83	0.76	63.12	18	28	0.98	0.81	0.26	0.73	0.25	0.94	0.01	0.82	0.148	0.4	0.32	0.34	0.24	0.14	2.94	2.69	8	14	[132, 68, 119, 146, 37, 69, 122]	[0.09, 0.77, 0.06, 0.65, 0.52, 0.28, 0.97]	[0.51, 0.91, 0.28, 0.05, 0.51, 0.41, 0.32]
sens_class	1	2	0.83	0.76	63.12	18	28	0.98	0.81	0.26	0.73	0.25	0.94	0.01	0.82	0.148	0.4	0.32	0.34	0.24	0.14	2.94	2.69	8	14	[132, 68, 119, 146, 37, 69, 122]	[0.9, 0.71, 0.06, 0.65, 0.52, 0.28, 0.97]	[0.51, 0.91, 0.28, 0.05, 0.51, 0.41, 0.32]
sens_class	1	2	0.83	0.76	63.12	18	28	0.98	0.81	0.26	0.73	0.25	0.94	0.01	0.82	0.148	0.4	0.32	0.34	0.24	0.14	2.94	2.69	8	14	[132, 68, 119, 146, 37, 69, 122]	[0.9, 0.71, 0.06, 0.65, 0.52, 0.28, 0.97]	[0.51, 0.91, 0.28, 0.05, 0.51, 0.41, 0.32]
sens_class	1	2	0.83	0.76	63.12	18	28	0.98	0.81	0.26	0.73	0.25	0.94	0.01	0.82	0.148	0.4	0.32	0.34	0.24	0.14	2.94	2.69	8	14	[132, 68, 119, 146, 37, 69, 122]	[0.9, 0.77, 0.84, 0.65, 0.52, 0.28, 0.97]	[0.51, 0.91, 0.28, 0.05, 0.51, 0.41, 0.32]
sens_class	1	2	0.83	0.76	63.12	18	28	0.98	0.81	0.26	0.73	0.25	0.94	0.01	0.82	0.148	0.4	0.32	0.34	0.24	0.14	2.94	2.69	8	14	[132, 68, 119, 146, 37, 69, 122]	[0.9, 0.77, 0.84, 0.65, 0.52, 0.28, 0.97]	[0.51, 0.91, 0.28, 0.05, 0.51, 0.41, 0.32]
sens_class	1	2	0.83	0.76	63.12	18	28	0.98	0.81	0.26	0.73	0.25	0.94	0.01	0.82	0.148	0.4	0.32	0.34	0.24	0.14	2.94	2.69	8	14	[132, 68, 119, 146, 37, 69, 122]	[0.9, 0.77, 0.06, 0.1, 0.52, 0.28, 0.97]	[0.51, 0.91, 0.28, 0.05, 0.51, 0.41, 0.32]
sens_class	1	2	0.83	0.76	63.12	18	28	0.98	0.81	0.26	0.73	0.25	0.94	0.01	0.82	0.148	0.4	0.32	0.34	0.24	0.14	2.94	2.69	8	14	[132, 68, 119, 146, 37, 69, 122]	[0.9, 0.77, 0.06, 0.1, 0.52, 0.28, 0.97]	[0.51, 0.91, 0.28, 0.05, 0.51, 0.41, 0.32]
sens_class	1	2	0.83	0.76	63.12	18	28	0.98	0.81	0.26	0.73	0.25	0.94	0.01	0.82	0.148	0.4	0.32	0.34	0.24	0.14	2.94	2.69	8	14	[132, 68, 119, 146, 37, 69, 122]	[0.9, 0.77, 0.06, 0.65, 0.28, 0.28, 0.97]	[0.51, 0.91, 0.28, 0.05, 0.51, 0.41, 0.32]
sens_class	1	2	0.83	0.76	63.12	18	28	0.98	0.81	0.26	0.73	0.25	0.94	0.01	0.82	0.148	0.4	0.32	0.34	0.24	0.14	2.94	2.69	8	14	[132, 68, 119, 146, 37, 69, 122]	[0.9, 0.77, 0.06, 0.65, 0.28, 0.28, 0.97]	[0.51, 0.91, 0.28, 0.05, 0.51, 0.41, 0.32]
sens_class	1	2	0.83	0.76	63.12	18	28	0.98	0.81	0.26	0.73	0.25	0.94	0.01	0.82	0.148	0.4	0.32	0.34	0.24	0.14	2.94	2.69	8	14	[132, 68, 119, 146, 37, 69, 122]	[0.9, 0.77, 0.06, 0.65, 0.52, 0.74, 0.97]	[0.51, 0.91, 0.28, 0.05, 0.51, 0.41, 0.32]
sens_class	1	2	0.83	0.76	63.12	18	28	0.98	0.81	0.26	0.73	0.25	0.94	0.01	0.82	0.148	0.4	0.32	0.34	0.24	0.14	2.94	2.69	8	14	[132, 68, 119, 146, 37, 69, 122]	[0.9, 0.77, 0.06, 0.65, 0.52, 0.74, 0.97]	[0.51, 0.91, 0.28, 0.05, 0.51, 0.41, 0.32]
sens_class	1	2	0.83	0.76	63.12	18	28	0.98	0.81	0.26	0.73	0.25	0.94	0.01	0.82	0.148	0.4	0.32	0.34	0.24	0.14	2.94	2.69	8	14	[132, 68, 119, 146, 37, 69, 122]	[0.9, 0.77, 0.06, 0.65, 0.52, 0.28, 0.94]	[0.51, 0.91, 0.28, 0.05, 0.51, 0.41, 0.32]
sens_class	1	2	0.83	0.76	63.12	18	28	0.98	0.81	0.26	0.73	0.25	0.94	0.01	0.82	0.148	0.4	0.32	0.34	0.24	0.14	2.94	2.69	8	14	[132, 68, 119, 146, 37, 69, 122]	[0.9, 0.77, 0.06, 0.65, 0.52, 0.28, 0.94]	[0.51, 0.91, 0.28, 0.05, 0.51, 0.41, 0.32]
sens_class	1	2	0.83	0.76	63.12	18	28	0.98	0.81	0.26	0.73	0.25	0.94	0.01	0.82	0.148	0.4	0.32	0.34	0.24	0.14	2.94	2.69	8	14	[132, 68, 119, 146, 37, 69, 122]	[0.9, 0.77, 0.06, 0.65, 0.52, 0.28, 0.97]	[0.75, 0.91, 0.28, 0.05, 0.51, 0.41, 0.32]
sens_class	1	2	0.83	0.76	63.12	18	28	0.98	0.81	0.26	0.73	0.25	0.94	0.01	0.82	0.148	0.4	0.32	0.34	0.24	0.14	2.94	2.69	8	14	[132, 68, 119, 146, 37, 69, 122]	[0.9, 0.77, 0.06, 0.65, 0.52, 0.28, 0.97]	[0.75, 0.91, 0.28, 0.05, 0.51, 0.41, 0.32]
sens_class	1	2	0.83	0.76	63.12	18	28	0.98	0.81	0.26	0.73	0.25	0.94	0.01	0.82	0.148	0.4	0.32	0.34	0.24	0.14	2.94	2.69	8	14	[132, 68, 119, 146, 37, 69, 122]	[0.9, 0.77, 0.06, 0.65, 0.52, 0.28, 0.97]	[0.51, 0.08, 0.28, 0.05, 0.51, 0.41, 0.32]
sens_class	1	2	0.83	0.76	63.12	18	28	0.98	0.81	0.26	0.73	0.25	0.94	0.01	0.82	0.148	0.4	0.32	0.34	0.24	0.14	2.94	2.69	8	14	[132, 68, 119, 146, 37, 69, 122]	[0.9, 0.77, 0.06, 0.65, 0.52, 0.28, 0.97]	[0.51, 0.08, 0.28, 0.05, 0.51, 0.41, 0.32]
sens_class	1	2	0.83	0.76	63.12	18	28	0.98	0.81	0.26	0.73	0.25	0.94	0.01	0.82	0.148	0.4	0.32	0.34	0.24	0.14	2.94	2.69	8	14	[132, 68, 119, 146, 37, 69, 122]	[0.9, 0.77, 0.06, 0.65, 0.52, 0.28, 0.97]	[0.51, 0.91, 0.26, 0.05, 0.51, 0.41, 0.32]
sens_class	1	2	0.83	0.76	63.12	18	28	0.98	0.81	0.26	0.73	0.25	0.94	0.01	0.82	0.148	0.4	0.32	0.34	0.24	0.14	2.94	2.69	8	14	[132, 68, 119, 146, 37, 69, 122]	[0.9, 0.77, 0.06, 0.65, 0.52, 0.28, 0.97]	[0.51, 0.91, 0.26, 0.05, 0.51, 0.41, 0.32]
sens_class	1	2	0.83	0.76	63.12	18	28	0.98	0.81	0.26	0.73	0.25	0.94	0.01	0.82	0.148	0.4	0.32	0.34	0.24	0.14	2.94	2.69	8	14	[132, 68, 119, 146, 37, 69, 122]	[0.9, 0.77, 0.06, 0.65, 0.52, 0.28, 0.97]	[0.51, 0.91, 0.28, 0.63, 0.51, 0.41, 0.32]
sens_class	1	2	0.83	0.76	63.12	18	28	0.98	0.81	0.26	0.73	0.25	0.94	0.01	0.82	0.148	0.4	0.32	0.34	0.24	0.14	2.94	2.69	8	14	[132, 68, 119, 146, 37, 69, 122]	[0.9, 0.77, 0.06, 0.65, 0.52, 0.28, 0.97]	[0.51, 0.91, 0.28, 0.63, 0.51, 0.41, 0.32]
sens_class	1	2	0.83	0.76	63.12	18	28	0.98	0.81	0.26	0.73	0.25	0.94	0.01	0.82	0.148	0.4	0.32	0.34	0.24	0.14	2.94	2.69	8	14	[132, 68, 119, 146, 37, 69, 122]	[0.9, 0.77, 0.06, 0.65, 0.52, 0.28, 0.97]	[0.51, 0.91, 0.28, 0.05, 0.24, 0.41, 0.32]
sens_class	1	2	0.83	0.76	63.12	18	28	0.98	0.81	0.26	0.73	0.25	0.94	0.01	0.82	0.148	0.4	0.32	0.34	0.24	0.14	2.94	2.69	8	14	[132, 68, 119, 146, 37, 69, 122]	[0.9, 0.77, 0.06, 0.65, 0.52, 0.28, 0.97]	[0.51, 0.91, 0.28, 0.05, 0.24, 0.41, 0.32]
sens_class	1	2	0.83	0.76	63.12	18	28	0.98	0.81	0.26	0.73	0.25	0.94	0.01	0.82	0.148	0.4	0.32	0.34	0.24	0.14	2.94	2.69	8	14	[132, 68, 119, 146, 37, 69, 122]	[0.9, 0.77, 0.06, 0.65, 0.52, 0.28, 0.97]	[0.51, 0.91, 0.28, 0.05, 0.51, 0.17, 0.32]
sens_class	1	2	0.83	0.76	63.12	18	28	0.98	0.81	0.26	0.73	0.25	0.94	0.01	0.82	0.148	0.4	0.32	0.34	0.24	0.14	2.94	2.69	8	14	[132, 68, 119, 146, 37, 69, 122]	[0.9, 0.77, 0.06, 0.65, 0.52, 0.28, 0.97]	[0.51, 0.91, 0.28, 0.05, 0.51, 0.17, 0.32]
sens_class	1	2	0.83	0.76	63.12	18	28	0.98	0.81	0.26	0.73	0.25	0.94	0.01	0.82	0.148	0.4	0.32	0.34	0.24	0.14	2.94	2.69	8	14	[132, 68, 119, 146, 37, 69, 122]	[0.9, 0.77, 0.06, 0.65, 0.52, 0.28, 0.97]	[0.51, 0.91, 0.28, 0.05, 0.51, 0.41, 0.85]
sens_class	1	2	0.83	0.76	63.12	18	28	0.98	0.81	0.26	0.73	0.25	0.94	0.01	0.82	0.148	0.4	0.32	0.34	0.24	0.14	2.94	2.69	8	14	[132, 68, 119, 146, 37, 69, 122]	[0.9, 0.77, 0.06, 0.65, 0.52, 0.28, 0.97]	[0.51, 0.91, 0.28, 0.05, 0.51, 0.41, 0.85]
sens_class	1	1	0.89	0.49	76.61	23	10	0.92	0.02	0.27	0.33	0.94	0.62	0.63	0.61	0.093	0.34	0.14	0.414	0.24	0.31	1.79	2.04	8	14	[51, 168, 148, 52, 177, 69, 127]	[0.09, 0.71, 0.84, 0.1, 0.28, 0.74, 0.94]	[0.75, 0.08, 0.26, 0.63, 0.24, 0.17, 0.85]
sens_class	1	1	0.89	0.49	76.61	23	10	0.92	0.02	0.27	0.33	0.94	0.62	0.63	0.61	0.093	0.34	0.14	0.414	0.24	0.31	1.79	2.04	8	14	[51, 168, 148, 52, 177, 69, 127]	[0.09, 0.71, 0.84, 0.1, 0.28, 0.74, 0.94]	[0.75, 0.08, 0.26, 0.63, 0.24, 0.17, 0.85]
